Parametros utilizados: 
Numero de iteracoes: 50
Numero de repeticoes: 15
c1 e c2: 2 2
wmax e wmin: 0.9 0.4
alfa: 2

Partition found at repetition:0
Representatives: 
1311 1090 317 1305 1484 
1871 1903 1583 986 1877 
90 97 447 1256 1949 
2191 110 34 2179 446 
91 1113 594 1308 2242 
1639 1214 1655 1164 2221 
69 907 1936 601 315 
5 2 5 5 5 5 5 5 5 5 5 5 2 5 5 5 2 5 5 2 5 2 5 5 5 2 5 1 5 5 3 3 3 3 3 3 3 3 3 3 3 3 3 3 3 3 3 3 3 3 3 3 3 3 3 3 3 3 3 3 5 5 5 5 5 5 0 5 5 6 5 5 6 5 5 5 5 6 5 5 2 2 5 6 2 5 5 5 5 5 2 4 2 5 2 5 2 2 2 2 2 2 5 5 2 5 5 3 1 1 3 2 2 2 3 2 6 3 2 2 1 1 1 5 2 2 2 2 5 5 2 5 1 2 2 1 5 2 1 2 5 2 2 2 2 1 2 2 2 5 4 5 2 6 2 2 2 2 4 4 5 6 2 2 2 4 2 6 6 1 6 2 2 2 2 2 2 6 6 4 1 5 5 1 1 5 1 1 1 5 1 1 1 5 1 1 1 1 5 5 1 1 5 1 1 1 1 1 1 1 1 1 1 1 1 1 1 1 1 5 1 1 1 1 1 1 1 5 1 1 1 1 1 1 1 5 1 1 1 1 5 1 1 1 5 5 5 1 1 1 5 1 1 1 1 1 5 1 2 6 2 6 2 2 6 6 6 2 2 2 2 2 2 6 6 1 2 6 6 6 6 2 6 2 2 2 2 6 6 2 2 2 2 2 2 6 6 6 2 6 2 6 2 2 2 2 2 6 6 2 6 2 6 6 2 6 2 0 6 2 6 2 2 2 6 2 6 2 2 6 2 2 2 2 6 2 6 2 2 2 6 6 6 2 6 2 2 2 2 1 1 1 2 2 2 1 2 2 1 2 1 2 2 2 2 1 2 2 2 1 1 2 1 2 1 1 1 2 2 2 2 2 2 2 2 1 1 2 2 2 1 1 2 1 1 1 2 2 2 2 2 1 2 1 1 2 1 2 1 1 1 1 1 1 1 2 1 2 2 2 1 1 2 1 1 1 1 2 1 1 2 2 2 2 2 1 1 1 1 1 2 2 1 4 2 2 3 2 6 6 2 1 2 5 2 3 2 4 3 5 6 5 3 2 2 2 6 5 2 6 5 2 2 3 2 2 2 2 5 6 2 6 2 3 2 5 5 2 2 2 2 2 2 5 3 5 6 5 5 2 3 2 2 3 5 2 2 3 5 2 3 5 2 3 2 2 5 2 3 2 2 2 5 2 2 2 2 5 6 2 2 6 3 2 2 3 6 2 3 6 6 6 2 6 6 3 6 5 5 3 2 3 5 3 2 2 3 2 3 5 2 2 2 3 3 2 2 5 3 3 5 3 5 2 6 3 2 3 2 4 6 2 5 2 6 6 3 2 5 2 6 2 2 2 4 2 2 3 3 6 2 6 1 5 5 5 5 5 5 5 5 5 6 5 5 5 5 5 5 5 5 5 5 5 5 5 5 5 5 5 5 5 5 5 5 5 5 5 5 5 5 5 5 5 5 5 5 5 5 5 5 5 5 5 5 5 5 5 5 6 5 1 5 5 5 5 5 5 5 5 5 5 5 5 5 5 5 5 5 5 5 5 5 5 5 5 5 5 5 5 5 5 5 5 5 5 5 5 5 5 5 5 5 5 3 3 3 3 3 3 3 3 3 3 3 3 3 3 3 3 3 3 3 3 3 3 3 3 3 3 3 3 3 3 3 3 3 3 3 3 3 3 3 3 3 3 3 3 3 3 3 3 3 3 3 3 3 3 3 3 3 3 3 3 3 1 1 1 5 5 1 1 5 1 5 1 5 1 1 1 1 1 1 1 5 1 1 5 1 1 1 1 1 1 5 1 1 1 1 1 1 1 1 5 1 1 1 5 1 1 1 1 1 1 1 1 5 1 1 1 5 2 2 1 2 2 1 2 2 2 2 2 2 2 1 2 2 1 1 2 2 2 2 2 2 1 2 2 2 2 2 2 2 2 2 2 2 2 2 2 2 2 1 2 2 1 2 2 1 2 2 2 2 2 1 2 2 2 1 1 2 2 2 2 2 2 2 2 2 2 2 2 2 2 2 2 2 2 2 2 2 2 2 5 2 2 2 6 2 2 2 2 2 6 2 2 3 3 3 3 3 3 3 3 3 3 3 3 3 3 3 3 3 3 3 3 3 3 3 3 3 3 3 3 3 3 3 3 3 3 3 3 3 3 3 3 3 3 3 3 3 3 3 3 3 3 3 3 3 3 3 3 3 1 5 1 5 1 1 1 1 1 1 1 1 1 1 1 1 1 5 5 5 5 1 5 1 1 5 1 1 1 1 1 1 5 1 1 1 1 1 1 1 1 1 1 5 1 1 1 1 1 1 2 2 2 4 4 4 2 4 2 6 4 2 6 4 2 2 1 6 6 4 6 6 6 2 2 2 6 6 6 2 2 2 4 6 2 4 4 4 2 2 2 2 2 2 2 2 4 6 4 2 6 2 2 6 4 6 6 2 2 2 2 1 2 6 2 4 4 0 6 2 4 4 2 4 4 4 4 4 6 4 4 6 4 4 4 2 2 2 4 2 4 2 2 2 6 4 4 6 2 4 6 2 4 2 6 2 2 4 2 2 6 2 4 4 4 6 2 6 2 4 6 4 4 2 4 2 4 4 4 4 2 6 2 2 6 6 6 2 6 5 5 5 2 5 5 5 5 5 5 2 5 5 2 5 5 5 5 5 5 5 5 5 5 5 5 5 5 5 2 5 5 5 5 5 5 5 5 5 5 5 5 5 5 2 5 2 5 5 5 5 5 5 2 5 2 5 2 5 2 5 2 4 2 2 2 5 6 2 6 2 2 2 2 2 5 2 6 6 0 2 2 2 5 5 2 6 2 2 2 6 2 2 6 2 2 6 5 2 6 6 2 5 2 2 5 2 2 2 5 5 2 2 2 5 2 2 2 0 2 5 5 5 5 5 5 5 5 5 5 5 5 5 5 2 5 5 5 5 2 5 5 5 0 5 2 4 2 5 0 5 5 5 5 5 2 5 5 5 5 2 5 5 5 5 5 5 5 2 5 5 5 5 2 5 5 5 5 2 5 5 5 2 5 5 5 5 2 5 5 5 5 5 5 5 5 2 2 5 5 5 2 2 5 5 5 5 2 5 5 5 5 2 5 5 5 5 5 5 5 5 5 5 5 2 5 5 5 5 5 5 5 5 2 5 5 5 5 5 5 5 2 2 5 5 5 5 5 5 5 5 2 2 5 5 5 5 5 5 5 5 5 2 5 5 5 5 5 5 5 2 5 5 5 2 5 5 5 2 5 5 5 2 5 5 5 2 5 5 2 2 2 2 2 2 0 2 2 2 2 2 2 2 1 2 2 2 2 2 2 2 2 1 2 2 0 2 2 2 2 2 2 0 2 2 2 2 2 2 2 2 2 0 6 2 2 2 2 0 3 3 3 3 3 3 3 3 3 3 3 3 3 3 3 3 3 3 3 3 3 3 3 3 3 3 3 3 3 3 3 3 3 3 3 3 3 3 3 3 3 3 3 3 1 1 1 1 1 1 1 1 1 5 1 1 1 1 1 1 5 1 1 5 5 1 1 1 1 5 1 1 1 1 1 1 1 1 1 1 5 1 1 5 5 1 1 1 5 2 2 5 5 5 5 1 1 5 5 5 5 2 5 5 5 1 5 5 5 5 5 5 5 5 5 5 5 5 2 5 5 5 2 5 2 5 5 2 5 5 5 1 5 5 5 5 2 2 5 5 5 5 2 2 5 2 2 2 5 0 5 5 5 5 5 5 5 5 5 5 5 6 5 5 6 5 5 5 5 5 5 5 5 5 6 5 5 5 5 5 5 5 5 5 5 5 6 5 5 5 5 6 5 5 5 5 5 5 5 5 5 5 5 5 5 5 0 5 5 5 5 5 5 5 5 5 5 5 5 5 5 0 5 5 5 5 6 5 5 5 5 5 5 5 5 5 5 5 5 5 1 5 5 6 5 5 5 5 5 5 5 5 5 5 5 5 5 5 5 5 5 5 5 5 5 6 5 5 5 5 5 5 5 5 5 5 5 5 5 5 5 5 5 5 5 5 5 5 5 5 5 5 5 5 5 3 3 3 3 3 3 3 3 3 3 3 3 3 3 3 3 3 3 3 3 3 3 3 3 3 3 3 3 3 3 3 3 3 3 3 3 3 3 3 3 3 3 3 3 3 3 3 3 3 3 3 3 3 3 3 3 3 3 5 1 1 1 5 1 1 1 1 1 1 1 1 1 1 1 1 1 1 1 1 1 1 1 1 1 5 5 1 1 1 5 1 1 5 1 1 1 5 1 1 1 1 1 1 1 1 5 5 1 1 1 1 1 1 1 6 6 2 6 6 2 6 6 6 2 6 2 6 5 6 2 6 2 6 6 6 2 6 2 2 6 6 2 2 6 2 2 2 2 2 2 2 2 2 2 2 2 2 2 2 2 2 2 2 2 2 2 2 2 2 2 2 2 1 2 2 2 2 2 2 2 2 2 2 2 2 6 2 2 5 2 5 5 2 2 2 5 5 5 5 2 1 5 1 5 5 5 5 5 5 5 5 5 1 5 2 2 5 5 5 2 5 5 2 5 2 1 5 5 2 2 5 2 2 5 2 2 1 5 5 2 2 5 1 5 5 5 2 5 5 1 1 5 5 5 2 1 2 2 1 2 2 5 5 5 5 5 1 5 5 2 5 5 5 2 2 5 5 1 5 1 5 2 1 5 2 2 5 2 5 5 5 5 5 5 5 5 1 1 5 2 2 5 5 1 2 2 2 2 5 5 1 5 2 2 5 2 5 5 3 3 3 3 3 3 3 3 3 3 3 3 3 3 3 3 3 3 3 2 3 3 3 3 3 3 3 3 3 3 3 3 3 3 3 3 3 3 3 3 3 3 3 3 3 3 3 3 3 3 3 3 3 3 3 3 3 3 3 3 3 3 3 3 3 3 3 3 3 3 3 3 3 3 3 3 3 3 3 3 1 1 1 1 1 1 5 1 1 1 1 1 5 1 1 1 5 1 5 1 1 1 5 1 1 1 1 5 1 1 1 1 1 1 1 1 1 5 1 1 1 1 5 1 1 1 6 5 4 2 5 5 5 2 5 5 1 2 1 6 1 5 5 5 1 5 5 5 1 5 5 2 2 1 6 5 1 5 1 5 1 5 5 1 5 6 5 1 1 1 1 1 1 1 1 5 1 1 5 5 5 5 1 1 5 5 1 5 1 1 1 5 5 1 1 1 
Relevance weights: 
0.386586 2.58674 
1.14219 0.875508 
1.24177 0.805301 
1.45835 0.685707 
0.81205 1.23145 
1.06754 0.936736 
0.459191 2.17774 

OERC:0.489177 ARI:0.304445 F:0.531816 Jac:0.270478 NMI:0.434221 Pur:0.671861 Acc:0.789028 Silhouette:0.227616 Obj:7.05474

Homogeneidade total sem pesos:7.17158

Silhueta detalhada sem pesos:
6.22984 -323.63 -485.531 -260.531 37.0561 -640.067 -114.755 
10.9102 -351.754 -581.033 -308.593 4.73678 -699.852 -123.47 

Silhueta detalhada com pesos:
9.95662 -359.698 -554.953 -335.299 16.5068 -676.618 -103.651 
6.55584 -265.317 -552.317 -153.488 29.8713 -648.842 -120.271 

Partition found at repetition:1
Representatives: 
1691 2057 89 1213 2066 
2069 2291 1463 1964 394 
507 333 1943 1086 1158 
1861 984 182 238 1632 
525 526 595 581 1374 
1445 1388 1245 1680 1334 
1651 1889 1663 781 2113 
6 1 6 0 0 0 5 0 0 0 0 5 1 0 5 6 6 5 6 1 0 4 0 5 5 4 0 6 6 4 4 4 5 4 4 4 4 5 5 4 5 5 4 4 4 4 4 4 4 5 5 4 4 4 4 5 5 5 5 4 0 0 0 0 0 0 2 6 0 0 0 0 5 0 0 0 0 5 0 0 1 1 0 3 1 0 0 6 6 0 4 4 4 0 4 5 4 4 1 1 4 4 6 5 1 0 5 4 6 6 4 4 4 2 4 4 4 5 4 4 1 1 1 5 1 1 1 1 0 0 4 5 6 1 1 6 0 1 1 1 0 1 4 1 4 1 1 1 1 0 2 3 2 2 2 2 2 1 2 2 3 2 1 2 2 2 2 6 2 6 2 2 2 2 2 2 2 2 2 2 1 3 3 3 3 3 3 3 3 0 3 1 3 3 3 3 3 1 3 3 3 3 3 1 1 3 3 3 3 1 3 3 3 3 3 3 3 3 3 3 3 3 3 3 3 3 3 0 1 3 3 3 3 3 3 3 3 3 3 3 0 3 3 3 0 0 3 3 3 1 3 3 3 3 3 3 0 3 2 2 2 2 2 2 2 2 2 2 2 2 2 2 2 2 2 6 2 2 0 2 2 2 2 2 2 2 2 6 2 2 2 2 2 2 2 2 2 2 2 2 2 2 2 2 2 2 2 6 6 2 6 2 0 2 2 2 2 2 2 2 2 2 2 2 2 2 2 2 2 2 2 2 2 2 2 2 2 2 2 2 2 2 2 2 2 2 2 1 1 1 1 6 1 1 1 6 1 1 6 1 1 1 1 1 1 1 1 1 1 1 1 1 1 1 1 1 6 1 1 1 1 1 1 1 1 1 6 1 1 1 1 6 1 6 1 6 1 4 1 1 1 6 1 1 6 1 1 1 1 1 1 1 6 6 1 1 6 1 1 1 1 1 1 6 6 6 1 1 1 1 1 1 1 1 1 1 6 1 1 1 1 1 1 5 4 4 4 4 5 5 4 6 4 5 4 5 4 5 4 5 5 5 5 4 2 4 5 5 2 4 5 1 1 5 1 2 4 4 5 2 4 5 4 4 4 5 5 4 1 1 4 4 4 0 4 5 2 0 5 4 4 4 4 5 5 4 4 2 5 4 5 5 4 5 4 4 5 4 4 4 4 4 5 4 1 4 4 0 5 4 4 2 5 4 4 4 6 2 5 2 5 2 4 5 5 4 2 5 5 4 2 5 5 4 4 1 4 1 5 5 4 4 4 4 5 4 4 5 4 5 2 5 5 2 2 5 4 5 4 5 5 4 5 1 2 2 4 4 5 4 2 4 4 4 4 4 4 4 5 2 1 2 6 5 0 0 0 0 0 6 0 6 5 0 5 0 0 0 0 0 0 0 0 6 0 0 4 6 0 6 0 0 6 0 0 0 6 6 0 0 5 6 0 0 0 0 0 0 6 5 0 6 5 0 6 5 0 0 6 5 0 6 0 0 0 0 0 0 0 0 0 0 0 0 6 5 0 0 6 0 0 0 0 0 6 0 0 0 6 0 0 0 5 0 0 0 0 6 0 6 0 0 6 0 4 4 4 5 4 4 5 4 5 5 5 5 4 4 4 5 4 5 4 5 5 5 5 4 4 4 4 4 5 5 4 5 5 4 4 4 4 4 4 4 5 4 5 4 4 5 4 5 4 4 5 4 5 4 4 4 4 5 4 4 5 3 6 3 3 3 3 3 3 1 0 3 0 3 3 3 6 6 6 3 3 6 6 0 3 1 3 3 3 3 3 1 3 1 3 3 3 3 3 3 3 1 3 3 3 3 3 3 1 6 3 6 3 3 3 3 3 4 4 1 4 1 1 1 1 1 4 4 1 4 6 4 1 1 6 1 1 4 4 1 1 1 4 4 1 1 1 1 4 4 1 4 4 1 4 1 1 6 1 1 1 1 1 1 1 1 1 1 1 4 1 1 1 1 6 1 1 1 4 4 4 1 4 4 4 4 4 4 6 4 1 4 4 4 4 4 6 1 4 6 4 4 1 4 4 4 4 4 4 5 4 1 5 4 4 4 4 4 4 5 5 4 4 5 5 4 5 4 4 4 5 5 4 5 4 5 4 5 4 4 4 4 4 4 4 5 5 4 5 4 4 5 5 4 4 4 4 4 4 5 4 5 5 5 4 4 4 4 5 3 0 3 3 3 1 6 3 3 3 3 3 3 3 3 6 3 3 0 3 3 1 3 3 3 3 3 3 3 3 3 3 3 1 3 3 3 3 3 3 3 3 3 3 3 3 3 3 3 1 2 2 2 2 2 2 2 2 2 2 2 2 2 2 2 2 2 2 2 2 2 2 2 2 2 2 2 2 2 2 2 2 2 2 2 2 2 2 2 2 2 2 2 2 2 2 2 2 2 2 2 2 2 2 2 2 2 2 2 2 2 2 2 2 2 2 2 2 2 2 2 2 2 2 2 2 2 2 2 2 2 2 2 2 2 2 2 2 2 2 2 2 2 2 2 2 2 2 2 2 2 2 2 2 2 2 2 2 2 2 2 2 2 2 2 2 2 2 2 2 2 2 2 2 2 2 2 2 2 2 2 2 2 2 2 2 2 2 2 5 4 5 1 5 5 0 0 4 5 1 0 0 1 5 0 0 0 0 5 0 5 0 5 5 5 6 0 0 4 6 0 0 0 4 0 5 0 0 6 5 0 0 0 1 0 1 0 4 5 0 0 0 1 5 1 0 1 0 1 0 1 5 4 4 4 5 4 4 2 2 2 4 4 4 5 4 5 2 2 4 1 4 5 5 4 4 4 4 4 2 4 4 5 4 4 5 5 4 2 5 4 2 4 1 5 1 4 2 5 5 4 4 4 0 2 4 4 2 4 5 5 5 0 6 5 5 5 0 0 5 5 5 5 4 5 5 0 5 6 5 5 0 4 0 4 5 4 0 5 0 6 0 5 5 4 5 5 5 4 4 0 5 5 5 4 6 0 4 4 5 5 5 4 5 5 0 0 6 5 5 0 6 5 5 4 5 6 5 5 5 5 5 0 5 0 4 4 5 5 4 4 4 0 5 5 0 4 5 0 5 5 4 0 5 4 5 5 5 5 0 5 0 5 4 0 5 5 0 5 5 5 5 4 5 5 0 0 5 0 5 4 4 5 0 4 5 5 0 5 5 4 4 6 5 5 5 5 5 0 5 5 4 5 0 5 5 5 5 5 6 5 5 5 4 0 6 5 4 5 0 0 4 5 0 4 4 0 5 1 1 1 1 1 1 2 1 1 1 1 1 1 1 1 1 1 1 1 1 1 1 1 1 1 1 2 1 1 1 1 1 1 2 1 1 1 1 1 1 1 1 1 2 2 1 1 1 1 3 4 4 4 4 5 4 4 4 4 4 5 4 4 4 5 4 4 4 4 4 4 4 4 4 4 4 4 4 4 4 4 4 4 5 5 4 4 4 4 4 4 4 4 4 3 3 3 3 3 3 3 3 3 3 3 3 3 3 3 3 3 3 3 3 3 3 3 3 3 3 3 3 3 3 3 3 3 3 3 3 3 3 3 3 3 3 3 3 0 1 1 0 6 0 0 6 1 6 0 0 6 1 0 0 0 1 6 6 0 0 0 0 6 0 0 0 6 6 1 0 6 0 1 0 6 0 0 1 6 6 6 3 6 0 0 0 6 1 0 0 0 0 1 1 0 6 1 1 0 2 6 6 0 0 0 0 6 0 0 0 0 3 6 0 2 0 0 0 0 0 0 0 0 0 2 0 0 0 0 5 0 6 0 0 0 6 2 0 0 5 0 2 0 0 6 0 0 6 0 6 0 0 0 6 0 0 2 0 0 6 0 6 0 0 6 0 0 6 0 0 0 2 0 0 6 0 3 6 0 0 0 0 0 0 6 0 0 6 0 6 6 6 0 2 0 0 0 0 0 6 6 0 0 0 0 0 0 0 0 0 0 0 0 0 0 2 0 6 0 0 0 0 0 0 0 0 0 0 0 0 0 6 0 0 0 0 0 6 0 0 0 0 6 0 5 4 5 5 4 4 4 5 4 4 5 4 4 4 5 5 4 4 4 4 4 4 5 4 4 4 5 4 4 5 4 4 4 4 5 4 4 5 5 5 5 5 5 4 5 5 4 4 4 5 5 4 4 4 4 4 5 5 4 3 3 3 3 0 3 3 3 3 3 1 3 3 3 3 3 3 3 3 3 3 3 3 3 1 3 0 3 3 1 3 0 3 3 3 6 3 3 0 3 3 1 3 3 1 3 3 3 3 3 3 3 3 3 1 3 2 2 1 6 2 6 2 6 2 1 2 6 2 0 2 2 2 4 2 2 2 2 2 4 4 2 2 6 2 2 4 1 4 2 1 1 1 1 1 4 1 1 1 4 4 1 4 4 1 1 4 6 1 1 1 1 4 1 1 1 4 1 4 4 4 4 4 2 1 4 4 2 4 4 0 6 0 0 1 1 1 6 0 0 6 1 6 0 1 0 0 0 0 0 0 6 0 0 1 0 1 6 6 0 0 1 0 6 1 6 1 6 0 0 6 1 0 1 1 0 6 6 1 0 0 1 1 0 6 0 0 0 1 0 0 1 1 0 6 6 6 6 6 1 1 1 1 0 6 0 0 6 6 6 0 1 0 0 0 1 6 0 6 1 6 6 0 1 6 0 1 1 0 1 0 0 6 0 6 0 0 0 1 1 6 1 6 0 0 6 1 1 1 1 0 0 6 0 1 1 0 6 0 6 5 4 4 4 4 5 5 4 4 4 4 4 5 4 5 4 4 4 4 4 4 4 4 5 4 5 4 5 5 4 4 5 5 4 5 4 4 4 4 4 4 4 4 5 4 4 5 5 4 5 5 4 4 5 5 4 5 4 4 5 5 5 4 5 4 5 5 4 5 4 5 5 4 4 5 5 4 4 4 4 3 6 1 3 3 3 3 3 3 3 1 3 0 1 1 1 0 6 0 1 3 3 3 3 3 3 3 0 3 1 6 3 6 3 3 6 3 0 3 6 3 3 0 3 1 3 3 0 0 1 0 3 3 1 3 0 3 1 3 3 3 0 3 3 6 0 3 3 3 0 3 1 3 3 3 3 6 0 3 0 6 0 0 3 3 3 3 6 1 6 6 6 6 1 1 0 1 1 6 0 0 0 1 1 0 0 6 0 6 1 1 0 0 6 6 6 
Relevance weights: 
0.976174 1.02441 
1.09583 0.912549 
0.388213 2.5759 
0.800603 1.24906 
1.43534 0.6967 
1.76742 0.565796 
1.03704 0.964282 

OERC:0.445887 ARI:0.332999 F:0.566273 Jac:0.274212 NMI:0.419155 Pur:0.591342 Acc:0.833539 Silhouette:0.203701 Obj:6.76337

Homogeneidade total sem pesos:7.31395

Silhueta detalhada sem pesos:
-66.5668 7.90775 -176.661 -73.6498 -181.064 90.2475 134.889 
-179.39 -141.799 202.907 70.5255 -219.846 -130.889 54.4231 

Silhueta detalhada com pesos:
-39.3891 -37.1231 34.5373 -70.9505 -258.209 -47.7724 85.0039 
-191.309 -124.204 -11.6461 15.4594 -206.878 -27.3449 61.1703 

Partition found at repetition:2
Representatives: 
2111 1498 1640 1012 460 
1969 898 2055 1454 822 
1558 1090 1214 1137 314 
602 984 2265 339 780 
506 505 445 759 704 
1186 1285 1783 1371 622 
876 1266 1628 1973 889 
0 1 5 5 5 5 5 5 5 5 5 5 1 5 5 5 1 5 0 1 5 5 5 5 5 1 5 0 5 5 4 4 4 4 4 4 4 4 4 4 4 4 4 4 4 4 4 4 6 4 4 4 4 4 4 4 4 4 4 4 5 5 5 5 5 5 2 0 5 5 5 5 5 5 5 5 5 5 5 5 1 1 5 5 1 5 5 0 5 5 6 6 4 5 6 5 3 6 6 6 6 6 5 4 3 5 5 4 3 3 4 6 4 6 4 6 4 4 6 6 1 1 1 5 1 6 1 1 5 5 6 5 0 6 1 5 5 1 1 1 5 1 1 1 3 1 1 6 1 5 2 5 2 3 3 3 3 3 2 2 2 2 3 3 3 2 3 3 2 3 2 3 3 3 3 3 3 2 2 2 3 5 5 3 2 5 3 3 3 5 5 3 3 5 5 3 3 3 5 5 2 5 5 3 3 5 3 3 3 3 3 5 3 5 2 3 2 5 5 5 5 5 3 2 3 5 3 5 3 3 2 3 2 3 3 5 3 3 3 2 5 3 3 3 5 5 5 3 3 3 5 3 3 2 3 2 5 2 3 2 3 2 3 3 2 2 3 3 3 3 3 3 3 2 3 3 3 3 2 2 2 3 2 3 3 3 3 3 2 3 3 3 3 3 3 3 3 3 3 2 3 2 3 3 3 3 3 2 3 3 3 3 2 3 2 3 3 3 2 3 3 3 3 3 3 3 2 3 3 2 3 3 3 3 2 3 2 3 3 3 2 2 2 3 2 3 3 1 1 1 1 5 1 1 1 5 1 1 5 1 1 1 1 1 1 1 6 1 1 1 3 6 1 1 1 1 3 1 1 1 1 1 1 1 1 1 3 1 1 1 1 3 1 5 1 5 1 6 1 1 1 3 1 1 3 1 1 1 1 3 1 1 3 5 1 1 3 1 1 6 1 1 1 5 3 3 1 1 1 1 1 1 1 1 1 1 5 3 1 1 6 1 1 4 6 4 4 1 4 4 6 3 6 5 6 4 6 4 4 4 0 4 4 2 6 4 4 5 2 4 5 6 6 4 6 6 6 4 4 2 6 5 3 4 4 4 4 4 6 6 6 6 6 5 4 5 2 5 4 4 4 6 3 4 4 4 4 4 5 6 4 5 4 4 4 4 4 4 4 6 6 6 5 6 6 4 6 5 4 4 4 4 4 4 4 4 2 6 4 2 4 2 3 4 5 4 2 5 5 4 6 4 5 4 4 6 4 6 4 4 3 4 6 4 4 6 4 5 4 4 2 4 5 2 2 4 4 4 6 4 5 6 4 6 2 2 4 6 5 3 2 6 6 3 6 6 6 4 4 2 6 5 3 4 5 5 5 5 5 5 5 5 5 5 5 5 5 5 5 5 5 5 5 5 5 5 5 5 5 5 5 5 5 5 5 5 5 5 5 5 5 5 5 5 5 5 5 5 5 5 5 5 5 5 5 5 5 5 5 5 5 5 5 5 5 5 5 5 5 5 5 5 5 5 5 5 5 5 5 5 5 5 5 5 5 5 5 5 5 5 5 5 5 5 5 5 5 5 5 5 5 5 5 5 4 4 4 4 4 4 4 4 4 4 4 4 6 4 4 4 4 4 4 4 4 4 4 4 4 4 4 4 4 4 4 4 4 4 6 4 6 4 4 4 4 4 4 4 4 4 4 4 4 4 4 4 4 4 4 4 4 4 4 4 4 5 3 2 5 5 3 3 5 3 5 3 5 5 3 3 3 3 5 2 5 3 3 5 3 3 3 3 5 3 5 3 3 3 2 3 2 3 3 5 3 3 3 5 3 3 2 3 3 3 5 3 5 3 3 3 5 6 1 1 1 6 1 1 6 6 6 1 6 3 1 1 1 1 1 6 1 3 6 1 6 1 3 3 6 1 1 1 6 0 6 1 6 1 6 1 1 1 1 1 6 1 6 6 1 6 1 6 1 3 1 1 6 6 1 1 6 1 4 6 6 6 6 6 4 6 6 6 3 6 6 6 6 6 1 6 3 6 6 5 3 6 6 3 4 6 6 6 6 5 6 6 4 4 4 4 4 4 4 4 4 4 4 4 4 4 4 4 4 4 4 4 4 4 6 4 4 4 4 4 4 4 4 4 4 4 4 4 4 4 4 4 4 4 4 4 4 4 4 4 6 4 4 4 4 4 4 4 4 3 5 2 2 3 3 3 3 3 3 3 3 3 3 2 3 5 5 5 5 5 3 5 3 3 5 3 3 2 3 3 3 5 3 3 3 3 3 3 0 2 3 3 5 3 3 2 3 3 3 2 3 2 2 2 2 3 2 2 2 2 2 2 2 3 3 2 2 2 2 2 2 2 3 3 3 2 2 2 3 2 3 2 2 3 2 2 2 3 2 3 3 3 3 3 3 2 2 2 2 2 2 3 2 2 2 2 3 2 3 3 2 3 2 3 2 2 2 2 3 2 2 3 2 2 2 2 2 2 2 2 2 2 2 2 3 3 3 2 2 2 3 3 3 2 2 2 2 2 2 2 3 2 3 2 3 3 2 2 2 2 3 2 2 2 2 3 2 3 2 2 2 2 3 2 2 2 2 2 2 3 2 3 3 2 2 3 3 2 5 5 5 1 5 5 5 5 5 5 1 5 5 1 5 5 5 5 5 5 5 5 5 5 5 5 5 5 5 5 5 5 5 5 5 5 5 5 5 5 5 5 5 5 1 5 1 5 5 5 5 5 2 1 5 1 5 1 5 1 5 1 4 6 4 6 4 2 4 2 6 6 4 6 2 5 4 4 2 0 3 6 6 5 4 3 3 4 4 4 2 6 4 5 6 4 4 5 4 2 4 6 2 4 6 5 6 6 6 5 5 4 6 6 5 6 4 6 2 1 5 5 5 5 5 5 5 5 5 5 5 5 5 5 6 5 5 5 5 5 5 5 5 5 5 1 5 0 5 5 5 5 5 5 5 6 5 5 5 5 5 5 5 5 5 5 5 5 5 5 5 5 5 1 5 5 5 5 5 5 5 5 1 5 5 5 5 0 5 5 5 5 5 5 5 5 6 5 5 5 5 6 1 5 5 5 5 4 5 5 5 5 6 5 5 5 5 5 5 5 5 5 5 5 5 5 5 5 5 5 5 5 5 1 5 5 5 5 5 5 5 6 4 5 5 5 5 5 5 5 5 6 6 5 5 5 5 5 5 5 5 5 6 5 5 5 5 5 5 5 5 5 5 5 1 5 5 5 6 5 5 5 5 5 5 5 6 5 5 1 1 1 1 1 1 2 1 1 1 1 1 1 1 1 1 1 1 1 1 1 1 1 1 1 1 0 1 1 1 1 1 1 2 1 1 0 1 1 1 1 1 1 0 3 1 1 0 1 0 4 4 6 6 4 4 4 6 4 4 4 4 4 4 4 6 4 4 4 4 4 4 4 4 4 4 4 4 4 4 4 4 4 4 4 6 4 6 6 6 4 6 4 4 3 3 3 3 3 3 3 3 3 5 3 2 3 2 3 2 5 3 3 5 5 3 3 3 3 5 3 3 3 2 3 3 3 3 3 3 5 5 3 5 5 3 3 3 5 1 1 5 5 5 5 1 1 5 5 5 5 1 5 5 5 1 5 5 5 5 5 5 5 5 5 5 5 5 3 5 5 5 3 5 3 5 5 6 5 5 5 3 5 5 5 5 3 3 5 0 5 5 3 1 5 3 3 3 5 2 0 5 5 5 5 5 5 5 5 5 5 5 5 5 2 5 5 5 5 5 5 5 5 5 2 5 5 5 5 5 5 0 5 5 5 5 2 5 5 5 5 2 5 5 5 5 5 5 5 5 5 5 5 5 5 5 2 5 5 0 5 5 5 5 5 5 5 5 5 5 5 2 5 5 5 5 5 5 5 5 5 5 5 5 5 5 5 0 5 5 3 5 5 2 5 5 5 5 5 5 5 5 5 5 5 5 5 5 5 5 5 5 5 5 5 2 5 5 5 5 5 5 5 5 5 5 5 5 5 5 5 5 5 5 5 5 5 0 5 5 5 5 5 5 5 4 4 4 4 4 4 4 4 4 4 6 4 4 4 4 4 4 4 4 4 4 4 4 4 4 4 4 4 4 4 6 4 6 4 4 4 4 4 4 4 4 4 4 4 4 4 4 4 4 4 4 4 4 4 4 4 4 4 5 3 2 2 5 3 3 3 3 3 3 3 5 3 3 3 2 3 3 3 3 2 3 3 3 3 5 5 3 3 3 5 3 3 5 3 2 2 5 3 2 3 3 3 3 3 3 5 5 3 5 3 2 3 3 3 3 3 3 3 3 3 3 3 2 3 3 3 3 5 3 3 3 3 3 3 3 3 3 3 3 3 2 3 3 3 6 3 1 3 1 6 1 1 3 6 1 1 1 3 6 1 6 6 1 1 6 3 1 1 1 6 6 1 1 1 6 1 6 6 6 6 6 6 6 6 6 3 6 6 5 1 5 5 1 1 1 5 5 5 5 1 3 5 1 5 5 5 5 5 5 5 5 5 1 5 1 1 5 5 5 1 5 5 1 5 1 0 5 5 1 1 5 1 1 5 1 1 1 5 5 1 1 5 3 5 5 5 1 5 5 1 1 5 5 5 1 3 1 1 1 1 1 5 5 5 5 0 1 5 5 1 5 5 5 1 1 5 0 1 5 3 5 1 3 5 1 1 5 1 5 5 5 5 5 5 5 5 1 1 5 1 1 5 5 3 1 1 1 1 5 5 0 5 1 1 5 0 5 5 4 6 6 4 4 4 4 6 4 4 4 4 4 4 4 4 6 6 4 6 4 4 6 4 4 4 6 4 4 4 4 4 4 6 4 6 4 4 6 4 6 4 6 4 4 4 4 4 4 4 4 6 4 4 4 6 4 4 4 4 4 4 4 4 6 4 4 4 4 4 4 4 4 4 4 4 6 6 6 4 3 3 3 3 5 3 5 3 5 3 3 3 5 3 3 3 5 3 5 3 3 3 5 2 5 3 3 5 3 3 3 3 3 5 3 3 3 5 3 3 3 3 5 3 3 3 2 5 5 3 5 2 2 3 2 5 3 3 3 2 3 2 2 5 3 5 2 5 3 5 5 3 3 3 2 5 3 5 3 5 3 2 5 3 2 2 2 3 1 3 3 5 3 1 3 5 3 3 0 5 5 5 1 3 5 5 0 5 3 3 3 5 5 3 3 5 
Relevance weights: 
0.918589 1.08863 
1.43709 0.695851 
0.921108 1.08565 
1.07752 0.928057 
1.50756 0.663324 
1.01366 0.986527 
1.49045 0.670937 

OERC:0.490476 ARI:0.294703 F:0.530475 Jac:0.260047 NMI:0.431086 Pur:0.618182 Acc:0.79722 Silhouette:0.275218 Obj:7.19384

Homogeneidade total sem pesos:7.25231

Silhueta detalhada sem pesos:
22.7641 -169.048 -162.867 -368.968 -328.369 -669.574 -101.929 
25.8357 -222.434 -148.714 -418.695 -300.953 -725.469 -163.556 

Silhueta detalhada com pesos:
25.1412 -203.668 -163.016 -380.773 -356.354 -677.304 -138.406 
23.4853 -198.408 -148.526 -413.452 -237.447 -722.724 -142.736 

Partition found at repetition:3
Representatives: 
458 1810 2189 515 1819 
836 832 2042 1 2290 
11 1397 1216 20 1174 
630 1592 635 1189 1671 
817 786 779 815 1883 
1307 1359 1448 841 1395 
1442 1781 497 1449 86 
5 1 3 3 3 3 2 2 2 6 3 2 1 6 2 5 5 2 5 1 2 5 3 6 5 5 3 5 5 5 0 0 0 0 0 0 0 0 0 0 0 0 0 0 0 0 0 0 5 0 0 0 0 0 0 0 0 0 0 0 3 3 3 2 6 6 1 5 3 2 2 3 2 3 3 2 6 6 6 3 1 1 3 2 1 6 6 5 4 3 5 1 5 3 5 2 5 5 1 1 5 5 5 0 1 3 2 0 4 4 5 5 5 1 0 1 5 0 5 5 1 1 1 6 1 1 1 1 3 3 5 5 1 1 1 4 3 1 1 1 6 5 5 1 5 1 1 1 1 3 3 2 4 4 4 4 4 1 3 5 3 3 4 4 4 4 4 4 4 4 3 4 4 1 4 4 4 3 5 3 4 3 3 4 4 3 4 4 4 3 3 4 4 3 3 4 4 4 3 3 4 3 3 4 4 3 4 4 4 4 4 4 4 3 4 4 4 3 3 3 3 3 4 4 4 3 4 3 4 4 4 4 4 4 4 3 4 4 4 3 3 4 4 4 3 3 3 4 4 4 3 4 4 4 4 4 3 4 4 3 4 4 4 4 3 3 4 4 4 4 4 4 4 3 4 4 4 4 3 4 3 4 3 4 4 4 4 4 3 4 4 4 4 4 4 4 4 4 4 5 4 5 4 4 4 4 4 4 4 4 4 4 3 4 4 4 4 4 5 4 4 4 4 4 4 4 4 4 4 3 4 4 4 4 4 4 3 4 4 4 3 3 2 4 3 4 4 1 1 1 1 4 1 1 1 4 1 1 4 1 1 1 1 1 1 1 1 1 1 1 4 1 1 1 1 4 4 1 1 1 5 1 1 5 1 1 4 1 1 5 1 4 1 4 1 4 1 5 1 1 1 4 1 1 4 5 1 1 1 4 1 1 4 4 1 1 4 1 1 1 1 1 5 4 4 4 1 1 1 1 1 1 1 5 5 1 4 4 1 1 1 1 1 0 5 5 0 5 0 0 5 4 5 6 5 0 5 0 0 0 2 0 0 5 1 5 6 2 5 5 6 1 1 0 1 5 5 5 2 6 5 2 5 0 5 2 6 5 1 1 1 5 5 3 0 2 6 6 6 5 0 5 5 0 6 5 5 0 2 5 0 2 0 0 5 0 6 5 0 1 5 5 6 1 1 5 5 3 6 5 5 6 0 5 5 0 5 1 0 6 0 6 5 0 2 0 6 6 6 0 5 0 6 0 5 1 0 1 0 0 5 5 5 0 0 5 5 6 0 0 6 0 6 5 6 0 5 0 5 0 2 5 0 1 6 6 0 5 6 5 2 5 5 5 1 5 5 0 0 5 1 6 4 2 2 3 2 2 6 3 3 3 2 3 2 6 6 3 3 3 3 3 3 3 3 6 5 5 6 5 3 3 6 2 3 3 5 5 6 3 2 5 3 3 3 2 2 6 3 6 3 3 6 3 5 2 3 3 3 6 6 4 2 2 2 3 6 3 3 3 3 3 6 3 3 2 3 3 3 3 3 3 3 3 6 3 3 3 3 3 3 2 6 3 3 3 3 3 2 3 2 3 3 3 0 0 0 0 0 0 0 0 0 0 0 0 0 0 0 0 0 0 0 0 0 0 0 0 0 0 0 0 0 0 0 0 0 0 0 0 0 0 0 0 0 0 0 0 0 0 0 0 0 0 0 0 0 0 0 0 0 0 0 0 0 3 4 4 3 3 4 4 3 4 3 4 3 4 4 4 4 4 4 4 3 4 4 3 4 4 4 4 4 4 3 4 4 4 4 4 4 4 4 3 4 4 4 3 4 4 4 4 4 4 3 4 3 4 4 4 3 5 5 1 5 1 1 1 1 1 5 5 1 5 1 5 1 1 1 1 1 5 5 1 1 1 5 5 1 1 1 1 5 5 1 5 5 1 5 1 1 1 1 1 1 1 1 1 1 1 1 1 5 5 1 1 1 1 1 1 1 1 5 5 5 1 5 1 5 5 5 1 5 5 1 5 1 5 5 5 5 1 5 5 5 5 1 5 5 1 5 5 5 2 1 1 0 0 0 0 0 0 0 0 0 0 0 0 0 0 0 0 0 0 0 0 0 0 0 0 0 0 0 0 0 0 0 0 0 0 0 0 0 0 0 0 0 0 0 0 0 0 0 0 0 0 0 0 0 0 0 0 0 4 3 4 3 4 4 4 4 4 4 4 4 4 4 4 4 3 3 3 3 3 4 3 4 4 3 4 4 4 4 4 4 3 4 4 4 4 4 4 4 4 4 4 3 4 4 4 4 4 4 4 4 4 3 3 3 4 3 4 3 5 4 3 3 1 4 4 3 3 3 3 3 4 4 4 4 3 4 3 4 4 4 3 3 4 4 3 4 4 4 4 4 4 4 4 4 4 3 4 4 3 4 4 3 3 3 3 4 4 1 4 4 1 3 4 3 5 4 3 4 4 4 1 3 5 3 4 3 3 3 3 3 5 3 3 1 4 4 5 4 3 4 1 1 3 3 3 3 4 5 3 4 5 4 3 4 4 3 4 4 4 4 5 5 3 3 4 3 4 4 3 4 3 4 5 4 4 3 3 3 4 3 4 4 3 4 4 4 3 2 5 2 1 2 6 6 3 5 6 1 6 2 1 2 3 3 6 3 2 3 6 6 6 2 6 5 3 6 5 5 3 3 6 5 3 5 3 3 5 2 3 3 3 1 3 1 6 5 5 3 3 3 1 2 1 3 1 3 1 6 1 6 1 5 5 6 5 5 5 1 5 5 5 5 6 5 6 5 1 5 1 5 6 6 1 1 5 0 5 5 5 5 6 5 5 6 6 5 5 6 1 2 5 1 2 1 5 1 2 6 5 5 5 6 5 5 1 1 5 2 2 2 6 6 2 2 2 6 2 2 6 2 2 5 6 5 6 2 5 2 2 2 5 6 5 2 5 6 2 6 5 2 2 5 5 2 2 2 5 5 2 6 5 2 5 5 6 5 5 2 2 5 5 6 2 2 6 5 6 2 2 5 2 2 5 2 5 2 2 6 2 5 2 2 6 5 5 5 2 5 5 5 2 6 2 6 5 2 2 6 2 5 2 6 5 2 2 5 5 6 2 6 6 5 6 2 2 2 2 2 6 5 5 2 2 2 2 6 2 6 5 5 6 6 5 2 5 6 6 6 5 5 6 2 6 6 2 2 2 2 2 5 2 2 2 5 2 2 2 5 2 2 2 5 6 5 2 5 2 6 6 5 2 6 5 5 6 2 1 1 1 1 1 1 1 1 1 1 1 1 1 1 1 1 1 1 1 1 1 1 1 1 1 1 1 1 1 1 1 1 1 1 1 1 1 1 1 1 1 1 1 1 1 1 1 1 1 1 0 0 0 0 0 0 0 0 0 0 0 0 0 0 0 0 0 0 0 0 0 0 0 0 0 0 0 0 0 0 0 0 0 0 0 0 0 0 0 0 0 0 0 0 4 4 4 4 4 4 4 4 4 3 4 4 4 3 4 4 3 4 4 3 3 4 4 4 4 3 4 4 4 4 4 4 4 4 4 4 3 4 4 3 3 4 4 4 3 1 1 3 5 3 3 1 1 3 3 3 3 1 3 3 3 1 3 3 3 3 3 3 3 3 3 3 6 3 4 3 3 3 1 3 5 3 3 1 3 5 3 5 5 3 3 3 5 1 3 6 2 3 1 1 3 5 1 1 2 1 5 3 3 2 6 3 5 2 6 3 3 2 3 3 1 6 3 3 3 3 3 3 6 3 2 3 2 3 3 2 2 5 3 3 6 1 1 3 3 2 3 2 3 3 5 6 3 3 6 5 3 3 6 4 6 6 1 3 3 5 3 5 3 2 3 3 3 5 3 3 3 1 2 3 3 3 2 5 3 2 3 2 6 3 5 2 2 5 2 5 4 5 3 1 3 2 6 5 3 5 3 3 3 3 2 3 3 6 3 3 3 3 2 3 3 1 3 5 3 3 6 3 3 3 3 3 6 3 6 3 6 4 3 3 2 3 3 5 3 3 6 3 5 3 2 0 0 0 0 0 0 0 0 0 0 0 0 0 0 0 0 0 0 0 0 0 0 0 0 0 0 0 0 0 0 0 0 0 0 0 0 0 0 0 0 0 0 0 0 0 0 0 0 0 0 0 0 0 0 0 0 0 0 3 4 4 4 3 4 4 4 4 4 4 4 3 4 4 4 4 4 4 4 4 4 4 4 4 4 3 3 4 4 4 3 4 4 3 4 4 4 3 4 4 4 4 4 4 4 4 3 3 4 3 4 4 4 4 4 1 1 4 4 4 4 4 4 4 1 4 4 4 3 4 1 4 4 4 4 4 1 1 4 4 1 4 4 1 4 5 1 5 1 1 1 1 1 1 5 1 1 1 5 5 1 5 5 1 1 5 5 1 1 1 1 5 1 1 1 5 1 5 5 5 5 5 1 1 1 1 5 5 5 3 5 3 3 1 1 1 3 3 3 5 1 4 3 1 3 3 3 3 3 3 3 3 3 1 3 1 1 3 3 3 1 3 3 1 3 1 5 6 3 5 1 6 1 1 3 1 5 1 3 3 1 1 3 4 3 3 3 1 6 3 1 1 3 5 3 5 4 5 1 1 1 1 3 3 6 3 5 1 3 3 1 3 3 3 1 5 3 5 1 5 1 3 1 4 3 1 1 3 1 3 3 3 3 3 3 3 3 1 1 5 1 5 3 3 4 1 1 1 1 3 3 4 3 1 1 3 5 3 3 0 0 0 0 0 0 0 0 0 0 0 0 0 0 0 0 0 0 0 1 0 0 5 0 0 0 0 0 0 0 0 0 0 0 0 0 0 0 0 0 5 0 5 0 0 0 0 0 0 0 0 0 0 0 0 5 0 0 0 0 0 0 0 0 5 0 0 0 0 0 0 0 0 0 0 0 5 0 0 0 4 4 4 4 3 4 3 4 3 4 4 4 3 4 4 4 3 4 3 4 4 4 3 4 3 4 4 3 4 4 4 4 4 3 4 4 4 3 4 4 4 4 3 4 4 4 3 3 3 4 2 3 3 4 3 3 4 4 4 4 4 3 3 2 4 3 3 3 4 3 3 4 4 4 3 2 4 3 4 2 4 3 3 4 3 4 3 4 1 4 4 4 4 1 4 2 1 1 1 3 3 3 1 1 3 3 1 3 4 4 1 3 3 4 4 4 
Relevance weights: 
1.63264 0.612505 
1.06448 0.939429 
1.09749 0.911168 
1.18807 0.8417 
1.07919 0.926619 
1.32726 0.753431 
1.70472 0.586607 

OERC:0.500433 ARI:0.30201 F:0.518316 Jac:0.256361 NMI:0.390115 Pur:0.564069 Acc:0.819262 Silhouette:0.186435 Obj:6.69471

Homogeneidade total sem pesos:6.63046

Silhueta detalhada sem pesos:
-207.636 -104.742 -8.39555 -314.341 -204.358 -108.887 91.6414 
99.359 -175.21 15.2325 -294.407 -337.494 -179.749 -5.26308 

Silhueta detalhada com pesos:
-215.405 15.7814 48.4413 -257.337 -52.4462 -54.1691 62.945 
90.3858 -235.011 -46.4789 -340.28 -390.444 -205.58 46.2436 

Partition found at repetition:4
Representatives: 
1646 358 1915 1633 13 
587 1643 480 1619 1973 
1626 1197 1603 1664 998 
1434 1172 271 2228 1751 
1425 1375 1658 1406 68 
761 1829 2126 950 712 
2301 2204 218 1976 1899 
0 1 0 2 4 2 4 4 4 4 2 4 1 0 4 0 0 4 0 1 4 0 2 4 4 0 2 0 0 4 5 5 5 5 5 5 5 5 5 5 5 5 5 5 5 5 5 5 1 5 5 5 5 5 5 5 5 5 5 5 2 2 4 4 4 4 3 0 4 4 4 2 4 2 2 4 4 4 4 2 1 1 2 3 3 4 4 0 0 2 1 1 1 2 1 4 1 1 1 1 1 1 0 5 1 2 4 1 0 0 1 1 1 1 1 1 1 5 1 1 3 1 3 4 3 1 1 1 2 2 1 0 3 1 3 0 2 3 3 1 4 3 1 3 0 3 1 1 1 2 0 2 0 1 1 1 1 1 0 0 0 0 1 1 1 0 1 1 0 0 2 1 1 1 1 1 1 2 0 0 1 2 2 6 2 2 6 0 6 2 2 6 6 2 2 6 6 6 2 2 6 2 2 6 6 2 6 6 6 6 0 2 6 2 2 6 2 2 6 2 2 2 6 2 6 2 6 2 6 6 2 6 2 6 6 2 6 6 6 2 2 2 6 6 2 2 2 6 6 6 2 6 6 2 6 2 2 2 1 2 1 0 1 1 2 0 1 1 1 1 1 3 1 0 1 1 1 1 2 0 0 1 2 1 1 1 1 1 0 1 1 1 1 1 1 1 1 1 1 0 1 0 1 1 1 1 1 0 0 1 1 1 2 1 1 1 1 1 0 1 1 1 1 1 1 1 0 1 1 2 1 1 1 1 0 1 2 1 1 1 0 2 2 1 2 1 1 3 3 3 3 0 3 3 1 0 3 3 0 1 3 3 3 1 3 3 1 1 3 3 0 1 3 1 3 0 0 3 1 3 3 3 3 3 1 3 0 3 1 3 3 0 1 0 3 0 1 3 3 3 3 0 1 1 0 3 3 1 3 3 3 3 0 0 3 1 0 1 1 1 3 3 3 0 0 0 3 1 0 3 3 1 1 3 3 3 0 0 3 3 1 3 3 5 1 1 5 1 4 5 1 0 1 4 1 5 1 5 5 5 4 5 5 1 1 0 4 4 0 1 4 1 1 5 1 1 1 0 5 0 1 4 1 5 0 5 4 0 1 1 1 1 1 2 5 4 0 4 4 1 5 1 1 5 4 0 1 5 4 1 5 4 0 5 0 0 5 0 5 1 1 1 4 1 1 0 1 2 4 0 1 0 5 0 1 1 0 1 5 0 5 2 1 5 4 5 0 4 4 5 1 5 4 1 1 1 5 1 5 5 1 1 1 5 5 1 0 4 5 5 2 5 4 0 0 5 1 5 1 5 4 1 5 1 0 0 5 1 4 1 2 1 1 1 1 1 1 5 5 0 1 4 0 5 4 2 4 4 4 2 2 0 4 4 4 4 4 2 4 2 4 2 2 0 2 0 0 0 4 0 2 2 0 4 2 4 0 0 0 2 4 0 2 4 2 4 4 0 2 0 2 0 4 4 0 4 2 2 2 4 4 0 4 4 4 2 4 2 2 4 2 2 4 2 0 4 2 2 2 2 2 2 2 2 0 4 2 0 0 2 2 4 4 2 2 4 0 0 4 2 4 2 0 2 5 5 5 5 5 5 5 5 5 5 5 5 5 5 5 5 5 5 5 5 5 5 5 5 5 5 5 5 5 5 5 5 5 5 5 5 5 5 5 5 5 5 5 5 5 5 5 5 5 5 5 5 5 5 5 5 5 5 5 5 5 2 6 2 2 2 6 0 2 1 2 0 2 2 6 6 0 0 0 6 2 6 0 2 6 1 6 0 2 6 2 1 0 6 2 6 2 6 6 2 6 6 6 2 6 6 2 6 6 0 2 0 2 1 6 6 2 1 1 3 1 1 0 1 1 1 1 1 1 0 0 1 1 3 0 1 1 0 1 3 1 3 0 0 1 1 3 1 1 0 1 0 1 1 1 1 1 0 1 1 1 3 1 1 1 1 1 1 1 0 0 1 1 1 0 3 1 1 1 1 1 1 1 1 1 1 1 1 0 1 1 1 1 1 1 1 0 1 1 0 1 1 1 0 1 1 1 1 1 4 1 1 5 5 5 5 5 5 5 5 5 5 5 5 5 5 5 5 5 5 5 5 5 5 5 5 5 5 5 5 5 5 5 5 5 5 5 5 5 5 5 5 5 5 5 5 5 5 5 5 5 5 5 5 5 5 5 5 5 6 2 0 2 0 1 0 6 6 0 6 6 6 0 6 0 2 2 2 2 2 1 2 6 6 2 6 6 2 0 6 6 2 1 6 6 0 6 6 6 2 0 6 2 6 6 6 6 0 1 1 1 1 0 0 2 1 0 1 0 0 1 0 0 1 1 1 2 2 0 2 2 1 1 1 1 2 0 2 1 1 1 0 2 1 0 0 0 1 1 1 1 1 1 1 1 0 2 0 0 0 1 1 0 2 2 2 1 1 1 1 0 1 0 1 0 0 0 0 1 0 0 1 0 0 0 0 2 2 0 2 2 0 0 0 1 1 1 0 0 0 1 1 1 2 0 2 2 1 0 2 1 0 1 2 1 1 0 0 1 0 1 0 0 0 2 1 2 1 0 2 0 0 1 0 1 0 2 0 0 1 2 1 1 2 0 1 1 2 4 0 4 1 4 4 4 2 0 4 3 4 4 1 4 2 2 4 2 4 2 4 0 4 4 4 0 2 4 0 0 2 2 4 0 2 0 2 2 0 4 2 2 2 3 2 1 4 0 0 2 2 4 1 4 1 4 1 2 3 4 1 4 1 1 1 4 0 0 1 1 1 1 1 0 4 1 4 0 3 1 1 1 4 4 1 1 1 0 1 1 1 1 4 1 1 4 4 1 1 4 1 4 1 1 4 1 1 1 4 4 1 1 1 0 1 1 1 3 0 4 4 4 4 0 4 4 4 4 4 4 4 4 4 1 4 4 0 4 0 4 4 4 0 4 0 4 0 4 4 4 0 4 4 4 1 4 4 4 0 0 4 4 4 4 4 0 4 0 0 4 4 4 0 4 4 4 4 0 4 4 4 0 4 4 0 4 0 4 4 4 4 0 4 4 4 1 0 4 4 0 0 0 4 4 4 4 0 4 4 4 4 0 4 4 0 4 4 4 0 4 4 4 4 0 4 4 4 4 4 4 4 0 0 4 4 4 4 4 4 4 0 0 4 4 0 4 4 4 4 4 1 1 4 4 4 4 4 4 4 4 4 1 4 4 4 4 4 4 4 0 4 3 4 0 4 0 4 0 4 4 4 0 4 4 0 1 4 4 1 3 1 1 1 1 3 1 3 3 1 1 1 1 3 3 1 1 1 1 1 1 1 3 1 1 3 3 1 1 1 1 1 1 3 1 3 1 1 3 1 1 3 3 1 3 1 1 1 3 5 5 5 5 5 5 5 5 5 5 5 5 5 5 5 5 5 5 5 5 5 5 5 5 5 5 5 5 5 5 5 5 5 5 5 5 5 5 5 5 5 5 5 5 6 6 6 6 0 6 6 6 6 2 6 2 6 2 6 2 2 6 0 2 2 6 6 6 0 2 6 0 6 2 6 6 0 0 6 6 2 2 6 2 2 6 6 6 2 1 1 2 0 2 2 0 0 0 2 2 0 1 2 2 2 0 0 0 2 2 2 2 0 2 2 2 0 0 1 2 0 2 1 4 0 2 2 1 0 0 0 0 0 2 2 2 1 1 2 4 4 2 1 1 2 0 1 1 4 3 0 0 4 4 4 2 0 4 4 2 2 3 0 2 3 4 2 4 2 2 4 2 4 2 3 4 4 2 4 4 4 0 4 2 4 0 3 2 4 4 2 3 2 2 0 4 2 2 4 0 2 2 4 0 4 2 3 2 2 0 4 0 2 4 0 2 2 0 2 2 2 3 4 2 0 2 3 0 2 4 2 4 4 4 0 4 4 0 4 0 0 0 4 3 2 4 4 0 2 0 3 2 2 2 4 4 4 2 2 2 2 4 4 2 2 3 4 0 2 4 4 4 2 2 4 2 4 2 4 2 4 0 2 2 4 2 2 0 2 4 4 2 0 2 4 5 5 5 5 5 5 5 5 5 5 5 5 5 5 5 5 5 5 5 5 5 5 5 5 5 5 5 5 5 5 5 5 5 5 5 5 5 5 5 5 5 5 5 5 5 5 5 5 5 5 5 5 5 5 5 5 5 5 2 1 6 2 2 6 6 6 0 0 1 6 2 0 6 6 2 6 6 0 1 2 6 6 6 0 2 2 6 6 6 2 6 6 2 0 6 6 2 6 6 1 6 1 6 6 0 2 2 0 2 6 2 6 6 6 1 1 1 1 1 0 1 1 1 1 1 0 1 2 1 1 1 1 1 1 1 1 1 1 1 1 1 0 1 1 1 1 1 0 1 1 1 1 1 1 1 1 1 1 1 1 1 1 1 1 1 1 1 3 1 1 1 1 3 1 1 1 1 1 1 1 6 1 1 1 1 1 1 1 4 0 2 0 1 1 1 0 2 2 0 1 0 2 3 4 2 2 2 2 4 0 2 4 1 4 1 0 0 4 2 1 2 0 1 0 1 0 4 2 0 1 4 1 1 2 0 0 1 2 2 1 1 2 0 4 2 0 1 2 2 1 1 4 0 0 0 0 0 1 1 1 1 2 0 2 2 0 0 0 2 1 2 4 2 1 0 2 0 1 0 0 2 1 0 0 1 1 2 1 2 2 0 2 0 2 2 2 1 3 0 1 0 2 4 0 1 1 1 1 4 2 0 2 1 1 0 0 4 0 5 1 5 5 5 5 5 1 5 5 5 5 5 5 5 5 1 1 5 1 5 5 1 5 5 5 1 5 5 5 5 5 5 1 5 1 5 5 1 5 1 1 1 5 5 5 5 5 5 5 5 5 5 5 5 1 5 5 5 5 5 5 5 5 1 5 5 5 5 5 5 5 5 5 5 5 1 1 1 5 6 2 6 6 2 6 2 6 2 6 6 2 2 6 1 6 2 6 2 6 6 6 2 2 2 0 6 2 0 6 0 6 0 2 3 6 2 2 6 6 6 6 2 6 6 6 0 2 2 1 2 2 2 1 2 2 1 1 0 0 0 2 0 2 0 2 2 2 0 2 2 1 1 0 0 2 0 2 0 2 0 2 2 0 0 0 2 0 3 0 0 0 0 3 0 2 1 1 0 2 2 2 3 3 2 2 3 6 0 0 3 2 2 0 0 0 
Relevance weights: 
1.02151 0.978939 
1.18118 0.846608 
1.15634 0.864794 
0.797021 1.25467 
1.22041 0.819398 
1.45369 0.687905 
0.874642 1.14332 

OERC:0.532468 ARI:0.243255 F:0.488863 Jac:0.219568 NMI:0.364305 Pur:0.507359 Acc:0.801042 Silhouette:0.186098 Obj:6.87368

Homogeneidade total sem pesos:6.76926

Silhueta detalhada sem pesos:
-91.6313 -343.992 -47.2731 -1.92265 148.544 -92.724 93.4637 
-290.277 -412.748 -297.436 49.0211 -171.828 115.047 83.3076 

Silhueta detalhada com pesos:
-132.683 -409.407 -93.629 7.34945 74.6274 -190.751 87.2509 
-260.598 -342.021 -259.414 41.9643 -92.2056 206.598 90.0778 

Partition found at repetition:5
Representatives: 
111 886 94 523 839 
2269 2276 905 553 2274 
773 1855 2062 1651 102 
2243 981 1553 108 1884 
1168 17 1948 1311 98 
1449 1641 1162 1310 655 
1617 690 1601 1184 666 
2 2 6 5 5 5 5 5 5 6 5 5 2 6 5 6 2 4 2 2 5 6 5 5 6 2 5 2 6 5 0 0 5 0 0 0 0 5 5 0 5 5 0 0 0 0 0 0 0 0 5 0 0 6 0 5 5 6 5 0 6 5 5 5 5 5 1 2 6 5 5 6 5 5 6 5 6 5 5 6 2 2 6 1 2 5 5 2 2 5 0 0 0 6 0 5 0 0 4 0 0 0 2 5 3 5 5 0 3 2 0 0 0 0 6 0 0 5 0 0 2 2 2 5 2 0 2 0 6 6 0 6 2 0 0 2 5 0 2 0 5 2 0 2 2 2 0 0 2 6 6 4 3 3 3 3 3 3 6 6 6 6 3 3 3 6 3 3 1 3 1 3 3 3 3 3 3 1 6 6 3 6 6 2 2 5 3 2 3 2 2 3 3 6 2 3 3 3 5 2 2 2 5 3 3 2 3 3 3 3 2 2 3 2 2 3 2 2 2 2 2 2 3 2 3 2 3 5 3 3 2 3 2 3 3 5 3 3 3 2 5 2 3 3 5 5 2 3 3 3 5 3 3 2 3 2 5 2 3 6 3 3 3 3 6 6 3 3 3 3 3 3 3 6 3 3 3 3 5 3 6 3 6 3 3 3 3 3 6 3 3 3 3 3 3 3 3 3 3 6 3 6 3 3 3 3 3 3 3 3 3 3 5 3 3 3 3 3 6 3 3 3 3 3 3 3 6 3 3 5 3 3 3 3 6 3 5 3 3 3 6 6 5 3 5 3 3 0 0 2 2 2 0 0 0 2 0 0 2 0 2 0 0 0 0 2 0 0 2 2 2 0 2 0 2 2 2 2 0 0 2 0 0 2 0 2 2 0 0 2 2 2 0 6 2 2 0 0 2 0 2 2 0 2 2 2 2 0 2 2 2 2 2 2 2 0 2 0 0 0 2 2 2 2 2 2 2 0 2 2 2 0 0 2 2 2 2 2 2 2 0 2 2 5 0 0 6 0 5 5 0 2 0 5 0 5 0 5 6 5 5 5 5 0 0 6 5 5 6 0 5 0 0 5 0 0 0 6 5 6 0 5 0 6 6 5 5 6 0 0 0 0 0 5 5 5 6 5 5 0 0 0 0 5 5 6 0 6 5 0 5 5 6 5 6 6 5 6 0 0 0 0 5 0 0 6 0 5 5 6 0 6 5 6 0 0 6 0 5 6 5 5 2 5 5 5 6 5 5 6 0 5 5 1 0 0 0 0 5 5 2 0 0 5 5 0 6 5 6 5 5 5 5 6 6 5 0 5 0 5 5 0 5 0 6 6 6 0 5 0 5 0 0 0 0 0 0 5 5 6 0 5 2 5 5 5 5 5 5 6 6 6 5 5 5 6 5 6 5 5 5 5 5 6 6 6 6 6 5 6 6 5 6 5 6 6 6 6 6 6 5 6 5 5 5 5 5 6 6 6 5 6 5 5 6 5 6 5 6 5 5 6 5 5 5 5 6 5 6 6 5 6 6 6 6 5 5 5 6 6 6 5 5 6 6 5 6 6 6 5 6 5 6 5 6 6 6 6 5 6 5 5 6 5 6 0 6 5 0 0 5 0 5 5 5 6 0 0 0 5 0 5 0 6 5 5 5 0 0 0 0 0 5 6 0 5 5 0 0 0 0 0 0 0 5 0 5 0 0 5 6 5 0 0 5 0 5 0 0 0 0 5 0 0 5 2 2 2 5 5 3 2 2 2 5 2 5 2 3 3 2 2 6 3 6 3 2 5 3 3 3 2 2 3 5 3 2 3 2 3 2 3 3 5 3 3 3 5 3 3 2 3 3 2 2 2 5 2 3 3 5 0 0 2 0 0 2 2 0 0 0 0 0 2 2 0 0 2 2 0 0 2 0 2 0 2 6 6 0 2 2 0 0 6 0 2 0 2 0 0 2 2 2 2 0 2 0 0 2 0 2 0 2 2 2 2 0 0 2 2 0 0 0 0 0 0 0 0 0 0 0 0 2 0 0 0 0 0 0 0 6 0 0 2 2 1 0 6 0 0 0 0 0 5 0 0 5 0 0 0 6 0 0 5 5 0 0 5 5 0 5 0 0 0 5 5 0 5 0 5 0 5 0 0 0 0 0 0 0 5 5 0 5 0 0 5 5 0 0 0 0 0 0 5 0 5 6 5 0 0 0 0 5 3 5 6 6 3 3 2 3 3 2 3 3 3 3 3 2 2 2 5 6 5 3 5 3 3 5 3 3 3 3 3 3 5 3 3 3 2 3 3 3 3 2 3 5 3 3 3 3 3 3 3 3 3 6 1 1 3 6 3 1 6 3 1 6 3 3 3 1 1 6 6 1 3 3 3 3 1 3 1 3 3 3 6 1 3 6 6 6 3 3 3 3 3 3 3 3 6 1 6 3 1 3 3 6 1 1 1 3 3 3 3 3 3 6 3 6 6 1 6 3 6 6 3 6 6 6 6 6 1 6 5 1 6 6 6 3 3 3 6 6 6 3 3 3 1 6 1 1 3 6 1 3 6 3 1 3 3 6 3 3 6 3 6 6 6 1 3 1 3 6 1 6 1 3 6 3 6 1 6 6 3 1 3 3 1 6 3 3 1 5 6 5 2 5 5 4 5 6 5 0 5 5 0 5 5 5 5 6 5 6 5 6 5 5 6 2 5 6 6 6 6 6 5 6 6 6 6 6 2 5 6 5 6 2 5 2 6 6 6 5 5 5 0 5 2 5 0 6 0 5 2 6 0 6 0 5 6 6 1 0 0 0 0 6 5 0 5 1 1 0 0 0 5 5 0 1 0 6 0 1 0 0 5 0 0 5 5 0 1 5 0 5 0 0 5 0 0 0 5 5 0 0 0 6 0 6 0 1 2 5 5 5 6 6 5 5 5 5 5 5 5 5 5 0 5 5 6 5 6 5 5 5 6 6 2 5 2 5 4 6 6 5 5 6 0 5 5 5 6 6 5 5 5 5 5 6 6 6 6 5 5 5 6 5 5 5 5 6 5 5 5 2 5 5 6 5 2 5 5 5 5 6 5 5 5 0 6 5 5 6 6 2 5 5 5 6 4 5 5 5 5 6 5 6 6 5 5 5 6 6 5 5 5 6 6 5 5 5 5 5 5 6 2 5 5 5 5 5 5 5 6 6 5 5 6 5 5 6 5 5 0 0 6 5 5 5 5 5 5 5 5 0 5 5 5 5 5 5 5 6 5 5 5 2 6 6 5 6 5 5 5 6 5 5 6 0 5 5 2 2 2 2 2 0 1 2 0 0 0 2 2 2 2 0 0 2 0 0 0 2 2 2 0 0 1 2 2 2 2 2 2 1 2 0 2 0 2 0 0 2 2 1 1 0 0 0 2 4 0 0 0 0 5 0 0 0 0 0 5 0 0 0 5 0 0 0 0 0 0 0 0 0 0 0 0 0 0 0 0 0 0 5 5 0 0 0 0 0 0 0 0 0 3 3 3 3 2 3 3 3 3 5 3 2 3 2 3 2 5 3 3 6 2 3 3 3 2 2 3 3 3 2 2 3 2 3 3 3 5 2 3 5 5 3 3 3 6 2 2 5 2 6 6 2 2 6 5 5 6 2 5 6 5 2 6 6 5 6 5 6 6 6 6 5 6 6 2 6 6 5 3 5 6 5 5 0 6 6 6 6 6 5 5 5 2 3 6 5 5 5 3 2 6 6 3 3 5 1 2 6 5 5 5 6 6 5 6 5 5 4 6 5 1 6 6 5 5 6 5 5 6 5 1 5 5 6 6 5 5 2 5 5 6 2 1 6 6 5 5 1 6 6 6 6 6 6 6 6 5 6 5 2 6 6 1 5 6 2 5 6 6 5 6 5 6 2 6 5 6 1 5 5 6 6 1 6 5 5 5 5 5 5 2 5 5 2 5 2 2 6 5 1 5 5 5 6 6 6 6 5 5 6 5 5 5 6 5 5 5 5 5 5 6 1 5 2 6 5 6 5 5 5 5 6 5 6 5 6 6 6 5 5 5 6 6 2 6 6 5 6 6 5 5 0 5 5 0 0 0 5 0 0 5 0 0 0 5 5 0 0 0 0 0 0 6 0 0 0 5 0 0 5 0 0 0 0 6 0 0 5 5 5 5 5 5 0 5 5 0 0 0 5 5 0 6 0 0 0 5 0 0 6 2 2 2 5 3 3 2 2 2 3 2 2 2 3 3 2 3 3 2 3 2 3 3 3 2 5 5 3 3 3 5 3 3 5 3 3 2 5 2 2 3 3 2 3 3 2 6 6 3 2 3 2 3 3 3 1 1 3 3 3 2 3 3 1 3 3 2 3 5 3 3 3 3 1 3 3 3 1 3 3 1 1 2 3 3 0 0 2 2 0 0 0 2 4 0 2 0 2 2 0 0 0 0 0 2 0 2 0 2 0 0 0 0 2 0 0 0 0 0 0 0 0 0 0 0 0 1 0 0 5 2 5 6 2 2 2 6 6 6 6 2 2 5 2 5 5 5 6 5 5 6 5 5 2 5 2 2 6 6 5 2 5 6 2 6 2 2 5 5 2 2 6 2 2 5 2 2 2 5 6 2 2 5 2 5 5 6 2 5 6 2 2 5 6 6 2 2 2 2 2 2 2 5 6 6 5 2 2 6 6 2 6 6 6 2 2 5 2 2 6 2 6 2 2 6 2 2 5 2 5 5 6 6 6 5 5 5 2 2 6 2 2 6 5 2 2 2 2 2 5 6 2 6 2 2 6 2 5 6 5 0 0 5 0 5 5 0 0 0 0 0 5 0 5 0 0 0 0 0 0 0 0 5 0 5 0 5 5 0 0 5 5 0 5 0 0 0 0 0 0 0 0 5 0 0 5 5 0 5 5 0 6 6 5 0 5 0 0 5 5 5 0 5 0 5 5 0 5 0 5 5 0 0 5 5 0 0 0 0 3 2 3 3 2 3 2 3 2 3 3 2 2 3 3 2 6 2 2 3 3 2 6 2 2 3 3 5 2 3 2 2 2 2 3 2 2 2 3 2 3 3 6 2 3 2 6 5 5 3 4 5 5 3 5 5 3 3 3 1 3 5 1 4 3 5 1 5 3 5 5 3 3 3 6 1 3 1 3 5 1 1 1 3 6 1 5 3 2 2 2 2 2 2 2 4 2 2 2 6 5 6 2 2 6 5 2 6 2 2 2 5 5 2 2 2 
Relevance weights: 
1.58465 0.631053 
0.335438 2.98118 
1.05554 0.947385 
1.02994 0.970926 
0.773307 1.29315 
1.28404 0.778792 
1.34311 0.744543 

OERC:0.630303 ARI:0.170157 F:0.41666 Jac:0.180669 NMI:0.285417 Pur:0.488312 Acc:0.76755 Silhouette:0.11795 Obj:7.7661

Homogeneidade total sem pesos:8.23431

Silhueta detalhada sem pesos:
-449.563 -67.9856 -361.776 -312.09 10.7747 -560.971 -367.624 
-473.793 -53.1336 -365.314 -341.492 10.9571 -583.551 -395.235 

Silhueta detalhada com pesos:
-467.707 -56.2186 -368.787 -322.284 9.17528 -572.915 -383.056 
-462.034 -66.6474 -357.034 -337.672 11.497 -578.631 -388.777 

Partition found at repetition:6
Representatives: 
1399 695 1357 68 1176 
2061 856 1309 1415 822 
2250 1583 276 986 327 
1238 530 550 488 583 
716 1965 440 821 2123 
566 2011 1690 1655 194 
2092 2069 1493 145 2208 
1 6 1 0 0 0 0 0 0 0 0 0 6 0 0 1 1 0 1 6 0 1 0 0 1 1 0 1 1 1 4 4 0 4 4 4 4 0 0 4 0 0 4 4 4 4 4 4 4 4 0 4 4 3 4 3 0 4 3 4 1 0 0 0 0 0 1 1 0 0 0 0 0 0 0 0 0 0 0 0 6 6 1 1 6 0 0 1 1 0 3 3 3 0 3 0 2 3 3 3 1 3 1 0 6 0 0 3 1 1 3 3 1 3 3 3 3 3 3 3 6 6 6 0 6 6 6 6 0 0 1 1 1 1 6 1 0 6 6 6 0 1 1 1 1 6 1 6 6 0 2 0 2 2 2 2 2 2 2 2 0 2 2 2 2 2 2 2 2 2 0 2 2 2 2 2 2 0 2 2 6 0 0 2 2 0 2 2 2 5 5 6 2 0 5 2 6 6 0 0 2 0 0 6 6 0 2 2 2 6 2 0 2 0 0 2 0 0 0 0 0 0 2 0 6 0 2 0 6 6 0 2 2 2 2 0 2 2 2 0 0 2 2 2 0 0 0 2 2 6 0 2 2 5 2 2 0 2 2 0 2 2 2 2 0 2 2 2 2 2 2 2 2 0 2 2 2 2 0 2 0 2 0 2 2 2 2 2 0 2 2 2 2 2 2 2 2 2 2 2 2 2 2 2 2 2 2 2 2 2 2 2 0 2 2 2 2 2 2 2 2 2 2 2 2 2 2 2 2 0 2 2 2 2 2 2 0 2 2 2 2 0 0 2 0 2 2 1 1 6 6 1 1 1 6 1 1 6 1 1 6 1 1 6 1 6 1 6 1 6 6 1 6 1 6 6 1 1 6 1 1 6 1 1 1 6 6 1 6 1 6 1 6 1 6 1 1 1 1 6 1 6 6 6 1 1 6 1 6 6 6 6 6 1 6 6 6 6 1 1 6 6 1 1 6 6 6 6 6 6 1 1 1 1 1 6 1 6 6 6 4 1 6 0 3 1 0 1 0 0 1 1 1 0 3 0 1 0 3 0 0 0 0 1 6 1 0 0 2 3 0 3 3 0 3 3 3 1 0 0 1 0 1 3 1 0 0 1 3 6 3 1 3 0 0 0 0 0 0 3 3 1 1 0 0 1 3 0 0 1 0 0 0 3 1 1 0 1 3 3 3 3 0 3 3 1 1 0 0 1 3 0 0 1 1 3 0 3 0 0 0 0 1 0 0 3 0 0 0 0 3 0 0 3 1 6 3 6 0 0 1 1 1 3 0 3 5 0 3 0 0 0 0 1 0 0 1 0 3 0 0 1 0 3 0 0 3 3 0 1 0 1 3 1 3 3 1 3 0 2 6 0 1 0 0 0 0 0 0 0 0 1 0 0 0 0 0 0 0 0 0 0 0 1 0 0 1 1 0 1 0 0 0 0 0 0 1 1 0 0 0 1 0 0 0 0 0 0 0 0 0 1 0 0 1 0 0 0 0 0 0 1 0 0 0 0 0 0 0 0 0 0 0 1 1 0 0 0 1 0 0 0 0 0 0 0 0 0 1 0 1 0 0 0 0 0 0 1 0 1 0 0 0 0 3 4 4 3 4 4 0 4 3 0 3 0 4 4 4 3 4 0 4 0 0 0 0 4 4 4 4 4 0 0 4 0 0 4 4 4 4 4 4 4 3 4 0 4 4 0 3 3 4 4 3 4 0 4 4 4 4 0 4 4 0 0 2 0 0 0 2 2 0 6 0 2 0 0 6 2 2 2 0 2 0 2 2 0 2 6 6 0 5 2 0 6 2 6 5 2 0 2 2 0 6 6 2 0 2 2 0 6 6 2 0 1 0 2 2 6 0 4 1 6 1 1 6 6 6 6 1 1 6 1 1 1 6 6 1 1 1 1 1 6 6 6 1 1 6 6 6 6 1 1 1 1 1 6 1 6 6 1 6 6 1 6 6 1 6 6 6 1 1 1 1 6 6 6 1 6 1 6 1 3 3 6 3 3 1 3 1 3 1 3 6 3 3 3 3 3 1 3 3 1 1 3 3 1 1 3 3 3 1 0 3 3 0 4 4 4 4 4 4 3 0 4 4 0 0 4 0 4 4 4 0 0 4 0 4 0 4 3 4 4 4 4 4 4 4 3 0 4 4 4 4 0 4 4 4 4 4 4 4 0 4 0 4 3 4 4 4 4 3 2 0 0 0 2 6 1 2 6 2 2 2 2 2 2 1 0 0 0 0 0 6 0 2 2 0 6 2 2 2 2 2 0 6 2 2 2 2 6 2 0 2 6 0 2 2 2 2 2 6 2 2 2 2 2 0 2 2 2 2 2 2 2 2 2 2 2 0 0 2 0 0 2 2 2 2 0 2 0 2 2 2 2 0 2 2 2 2 2 2 2 2 2 2 2 2 2 0 2 2 2 2 2 2 0 0 0 2 2 2 2 2 2 2 2 2 2 2 2 2 2 2 2 2 2 2 2 2 0 2 0 0 2 2 2 2 2 2 2 2 2 2 2 2 0 2 0 0 2 2 0 2 2 2 0 2 2 2 2 2 2 2 2 2 2 0 2 0 2 2 0 2 2 2 2 2 2 0 2 2 2 0 2 2 0 2 2 2 0 0 1 0 6 0 0 0 0 1 0 1 0 0 6 0 0 0 0 0 0 0 0 1 0 0 0 1 0 0 1 1 0 0 0 1 0 1 0 0 1 0 0 0 0 6 0 6 0 1 1 0 0 0 6 0 6 0 6 0 6 0 6 0 3 1 3 0 1 1 2 3 3 2 3 1 0 3 0 2 1 2 3 3 0 0 1 1 3 0 3 2 3 3 0 3 2 0 0 3 1 0 3 0 3 3 0 3 3 3 0 0 3 1 1 0 3 1 3 1 1 0 0 0 0 1 0 0 0 0 0 0 0 0 0 1 0 1 0 0 1 0 0 0 1 1 1 0 1 0 0 0 1 0 0 1 1 0 0 0 1 1 0 0 1 0 1 1 0 1 1 0 0 0 1 0 0 0 0 1 0 0 0 1 0 0 1 0 1 0 0 0 0 1 0 0 0 1 1 1 0 1 1 1 0 0 0 0 1 0 0 0 0 1 0 0 1 0 0 1 1 0 0 0 0 1 0 0 0 0 0 0 0 1 1 0 0 0 0 0 0 0 1 1 0 0 1 0 1 0 0 0 1 1 1 0 0 1 0 0 0 0 0 1 0 0 0 0 0 0 0 1 0 0 0 1 0 0 0 1 0 0 0 1 0 0 1 1 0 0 6 6 6 6 6 6 1 6 6 6 6 6 6 1 6 6 6 6 6 1 6 6 6 6 6 6 1 6 6 6 6 6 6 1 6 6 1 6 6 6 6 6 6 1 1 6 6 6 6 1 4 4 4 4 0 4 4 4 4 4 0 4 4 4 3 4 4 4 4 4 4 4 4 4 4 4 4 4 4 4 4 4 4 3 3 4 4 4 4 4 4 4 4 4 2 6 2 2 2 2 2 2 2 0 2 2 6 0 2 0 0 2 2 0 0 2 2 2 2 0 6 2 2 0 2 2 2 2 2 2 0 0 2 0 0 2 2 6 0 6 6 0 1 0 0 1 1 1 0 0 1 6 0 0 0 1 1 1 0 0 0 0 1 0 0 0 0 1 2 0 0 0 6 0 1 0 0 6 0 1 0 1 1 0 0 0 2 6 0 0 0 0 6 6 0 1 2 6 0 1 1 1 0 0 5 0 1 0 0 0 0 1 1 0 1 0 0 0 0 0 0 0 1 0 1 0 0 0 1 0 0 1 0 0 0 1 1 0 0 5 0 1 0 0 1 0 0 1 1 1 0 0 0 1 0 0 1 0 0 1 0 1 0 0 1 0 0 1 0 0 0 1 0 0 1 0 1 1 0 0 0 0 0 0 1 0 0 1 0 1 1 1 0 1 0 0 0 1 1 1 1 0 0 0 0 0 0 0 0 0 0 0 0 0 0 1 0 1 0 0 0 0 0 0 0 0 0 0 0 0 0 1 0 0 0 0 0 1 0 1 0 0 1 0 0 4 3 0 4 4 4 3 4 4 4 4 4 4 0 3 4 4 4 4 4 4 4 4 4 4 4 4 4 0 4 4 4 4 4 4 4 0 0 3 4 0 3 4 0 0 4 4 4 0 0 4 4 4 4 4 0 4 4 0 6 2 5 0 6 6 2 2 2 6 2 0 2 2 2 2 2 2 2 6 0 6 2 6 2 0 0 2 6 2 0 6 2 0 2 2 2 0 2 2 6 2 2 6 2 2 0 0 2 5 2 0 2 6 2 2 2 2 2 2 2 2 2 2 2 2 2 2 0 2 6 2 2 2 2 2 6 2 2 2 2 2 2 6 2 1 1 1 1 6 6 6 6 1 1 6 6 6 1 1 6 1 1 6 6 1 1 6 6 6 4 1 6 6 6 1 6 3 3 3 3 3 3 6 3 3 2 3 3 0 1 0 1 6 6 6 1 0 0 1 6 1 0 6 0 0 0 0 0 0 1 0 0 6 0 6 5 1 0 0 6 0 1 6 1 6 1 0 0 1 6 0 6 6 0 1 1 6 0 0 6 6 0 1 0 0 1 6 0 0 6 6 0 1 1 1 1 1 6 6 6 6 0 1 0 0 1 1 1 0 6 0 1 0 6 1 0 1 6 1 1 0 6 1 1 6 6 0 6 0 0 1 0 1 0 0 0 6 6 1 6 1 0 0 1 6 1 6 6 0 0 1 0 6 6 1 1 0 1 0 4 4 3 4 0 0 4 4 4 4 4 0 4 0 4 4 4 4 4 4 4 4 0 4 0 4 0 0 4 4 0 0 4 3 4 4 4 4 4 4 4 4 0 4 4 0 0 4 0 0 4 3 3 0 4 3 4 4 0 3 0 3 0 4 3 0 4 0 4 0 0 4 4 0 3 4 4 4 4 2 5 6 6 5 2 0 2 5 6 6 2 0 6 6 6 0 2 5 6 2 2 0 5 5 2 6 0 2 6 1 2 1 5 2 2 2 5 2 2 2 6 0 2 6 2 0 0 0 2 0 0 0 2 0 0 2 2 2 2 2 0 0 0 2 0 0 0 2 0 0 2 2 2 0 0 2 0 2 0 2 0 0 2 0 2 0 2 6 1 1 1 1 6 6 0 6 6 1 0 0 0 6 1 0 0 1 0 6 6 6 0 0 1 1 1 
Relevance weights: 
1.22205 0.818297 
1.00567 0.994367 
1.15828 0.863347 
1.37999 0.724641 
1.72521 0.579638 
1.01038 0.989722 
1.42086 0.703798 

OERC:0.538095 ARI:0.207835 F:0.493034 Jac:0.207299 NMI:0.374202 Pur:0.547619 Acc:0.765781 Silhouette:0.109199 Obj:7.51551

Homogeneidade total sem pesos:7.65022

Silhueta detalhada sem pesos:
-773.599 -363.325 -396.355 -102.964 -161.956 18.6258 -220.785 
-791.149 -371.972 -400.951 -112.936 -99.4684 18.6698 -268.719 

Silhueta detalhada com pesos:
-779.211 -363.186 -400.523 -114.759 -187.664 18.9938 -241.069 
-788.195 -372.07 -396.846 -101.09 -14.8304 18.1419 -259.667 

Partition found at repetition:7
Representatives: 
1214 1997 1426 1209 1284 
1269 910 458 1265 883 
1709 1387 2036 684 68 
255 1906 2308 1622 240 
1006 844 2243 228 2204 
580 475 1933 1179 453 
2072 1309 482 1626 472 
2 4 2 0 0 0 0 0 0 2 0 0 4 2 0 2 2 0 2 4 0 6 0 0 2 6 0 2 2 0 1 1 1 1 1 1 1 0 0 1 0 1 1 1 1 1 1 1 1 1 1 1 1 1 1 1 1 1 1 1 2 0 0 0 0 0 5 2 2 0 0 2 5 0 2 0 0 5 0 2 4 4 2 5 4 0 0 2 2 0 5 5 1 3 1 5 5 1 4 5 1 1 2 0 4 0 0 1 4 2 1 1 1 5 1 5 5 1 1 1 4 4 4 0 4 4 4 2 0 0 6 2 2 6 6 2 0 6 4 6 0 2 6 2 6 4 6 4 4 2 3 5 1 4 4 4 4 4 3 3 3 5 4 4 5 1 5 5 5 6 5 4 4 4 4 5 4 5 5 3 4 3 3 3 3 3 4 4 4 3 3 4 4 3 3 3 4 4 3 3 3 3 3 4 4 3 4 4 4 4 3 3 4 3 3 3 3 3 3 3 3 3 3 3 4 3 3 3 4 4 3 4 3 3 3 3 4 4 3 3 3 3 4 4 3 3 3 3 4 4 3 4 4 3 4 3 3 3 5 5 4 5 5 4 5 5 4 4 4 5 4 4 5 5 4 5 5 4 5 5 5 5 5 4 5 4 4 5 5 5 4 5 4 4 5 4 4 4 4 5 4 5 4 4 4 5 5 5 5 4 5 5 5 5 4 5 4 5 5 4 5 4 4 5 4 5 5 5 5 5 4 5 4 4 5 5 5 4 4 4 5 5 5 5 5 4 4 2 6 4 4 2 6 6 4 2 2 6 2 2 4 6 2 2 6 4 6 4 2 4 4 6 4 2 4 2 2 2 4 2 2 6 6 2 6 4 2 6 4 2 4 2 4 2 4 2 2 6 2 6 2 2 4 4 2 2 4 6 4 4 4 4 2 2 4 6 2 4 2 4 4 4 2 2 2 2 4 6 2 4 2 2 6 2 2 4 2 2 4 4 6 2 4 1 1 1 1 6 5 1 1 4 6 5 1 1 6 1 1 0 5 0 1 1 4 1 5 0 1 5 0 5 6 1 5 5 5 1 0 5 6 5 6 1 1 0 0 1 4 4 5 1 1 0 1 0 5 0 0 1 1 6 6 1 0 1 1 1 0 6 1 0 1 1 1 1 0 1 1 5 1 1 0 5 5 1 1 0 5 1 5 1 1 1 1 1 5 5 0 5 1 5 6 1 5 1 5 0 0 1 5 1 0 1 1 4 1 5 1 0 6 1 1 1 1 1 1 0 1 1 0 1 0 1 5 1 1 1 5 0 5 1 0 4 5 5 1 5 0 6 5 1 1 5 5 1 5 1 1 5 4 0 4 0 0 0 0 0 0 2 2 2 5 0 0 0 0 2 0 0 0 0 0 2 2 2 2 2 0 2 2 0 2 0 2 0 2 2 2 2 0 2 0 0 0 0 0 2 2 0 0 2 0 0 2 0 2 0 2 5 0 2 0 0 0 0 0 0 2 2 0 2 2 2 2 0 0 0 2 2 2 0 0 2 2 0 2 2 2 0 2 0 0 0 0 2 2 2 0 2 0 0 2 0 1 1 1 1 1 1 1 1 1 1 1 1 1 1 1 1 1 0 1 1 1 1 1 1 1 1 1 1 1 1 1 1 1 1 1 1 1 1 1 1 1 1 1 1 1 0 1 1 1 1 1 1 1 1 1 1 1 1 1 1 0 3 3 3 3 3 3 3 3 4 3 3 3 3 4 4 3 3 3 3 3 4 3 3 4 4 4 3 3 4 3 4 3 4 3 4 3 3 4 3 4 4 3 3 4 4 3 4 4 3 3 4 3 4 3 4 3 6 6 4 6 6 2 4 4 4 6 6 4 6 2 6 4 4 2 6 4 6 6 2 4 2 6 6 4 4 2 4 6 6 6 2 6 4 6 4 4 2 4 4 6 4 4 6 4 4 4 6 6 6 2 4 4 4 2 4 6 4 1 1 1 4 1 1 1 1 1 1 6 1 4 1 5 1 1 1 6 4 1 2 6 1 4 6 1 4 1 1 1 5 1 1 1 1 1 1 1 1 1 1 0 1 1 1 1 1 0 1 1 1 1 1 1 0 1 1 1 1 1 1 1 1 1 1 1 1 1 1 1 1 1 1 1 1 1 1 1 1 1 1 1 1 1 1 1 1 1 1 1 3 3 3 3 3 4 2 4 4 3 4 4 4 3 3 4 3 3 3 3 3 4 3 4 4 3 4 4 3 4 4 4 3 4 3 3 3 3 4 4 3 3 4 3 3 4 3 4 3 4 5 1 1 5 5 5 5 3 1 5 1 1 5 3 4 4 1 5 5 3 5 5 5 4 4 5 5 5 5 4 1 4 3 5 4 1 3 5 1 1 1 4 4 4 4 1 1 5 1 1 5 5 4 5 3 5 5 4 1 4 4 1 4 5 4 3 3 5 5 4 1 1 4 3 3 3 5 3 5 3 3 5 1 3 3 4 4 4 3 1 3 1 4 4 5 3 5 5 1 1 5 4 3 4 5 4 4 3 1 1 5 4 3 3 5 5 4 5 4 5 5 1 3 4 1 1 1 5 3 3 4 5 4 4 5 5 5 4 5 0 2 0 4 0 0 0 0 2 0 2 0 0 4 0 0 0 5 0 0 2 0 2 0 0 0 2 0 2 6 2 0 0 0 2 0 2 2 2 2 0 2 0 2 4 0 4 0 2 2 0 0 0 4 0 2 0 4 2 4 0 4 1 5 1 1 0 5 1 5 5 5 1 1 1 5 1 5 5 5 5 5 1 0 1 5 5 1 1 1 5 1 1 5 1 1 5 0 1 5 5 5 0 1 5 0 5 1 1 5 0 1 6 5 5 1 1 1 5 6 0 0 0 2 2 0 0 0 0 0 0 0 0 0 1 2 0 2 0 2 0 0 0 2 2 6 0 6 2 0 2 2 0 0 2 1 0 0 0 2 6 0 0 0 0 0 2 2 6 2 0 0 0 6 0 0 0 0 2 0 0 0 6 0 0 2 0 6 0 0 0 0 2 0 0 0 1 6 0 0 2 6 6 0 0 0 2 1 0 0 0 0 6 0 2 2 0 0 5 2 2 0 0 2 6 2 0 0 0 0 0 0 2 6 0 0 0 0 0 0 0 6 1 0 0 2 0 2 2 2 0 1 1 2 0 0 0 0 0 0 0 0 1 0 0 0 0 0 0 0 2 0 0 0 6 2 2 0 1 0 0 0 2 0 0 2 1 0 0 4 4 4 4 4 4 5 4 4 4 4 4 4 4 4 4 2 4 4 6 4 4 4 4 4 4 5 4 4 4 4 4 4 5 4 4 6 4 4 4 4 4 4 5 5 4 4 4 4 6 1 1 1 1 1 1 1 1 1 1 1 1 1 1 1 1 1 1 1 1 1 1 1 1 1 1 1 1 1 1 1 1 1 1 1 1 1 1 1 1 1 1 1 1 4 4 3 4 3 4 4 4 4 3 3 3 4 3 4 3 3 4 4 3 3 4 4 3 3 3 4 4 4 3 3 3 3 4 4 3 3 3 4 3 3 3 4 4 2 4 4 0 2 2 2 2 2 2 0 0 2 4 0 0 0 2 2 2 0 0 0 2 2 2 2 0 2 2 4 3 2 3 4 0 6 6 0 4 2 2 2 6 2 0 0 0 6 4 0 0 0 0 4 4 2 6 4 4 0 5 2 2 0 0 0 2 2 0 2 0 0 6 2 0 5 0 2 0 0 2 0 0 2 0 5 0 0 2 2 0 0 2 0 0 0 2 5 2 2 0 0 5 2 2 2 2 2 2 2 2 0 2 0 2 2 2 5 0 2 2 0 2 2 0 2 0 0 2 0 0 2 5 0 0 2 0 5 2 0 0 0 0 0 0 2 0 0 2 0 2 2 2 0 5 0 0 0 2 2 2 2 0 0 0 0 0 0 0 0 0 0 0 0 0 2 5 0 2 2 0 2 0 0 0 0 2 0 2 0 2 0 2 0 0 0 2 0 2 0 2 0 0 2 0 0 1 1 1 1 1 1 1 1 1 1 1 1 1 0 1 1 1 1 1 1 1 1 1 1 1 1 1 1 1 1 1 1 1 1 1 1 1 1 1 1 1 1 1 1 0 1 1 1 1 1 1 1 1 1 1 0 1 1 3 4 3 3 3 4 4 3 3 3 4 3 3 4 4 4 3 4 3 3 4 3 4 4 4 3 3 3 3 4 4 3 4 3 3 4 3 3 3 3 3 4 4 4 4 4 4 3 3 3 3 3 3 3 4 3 5 5 4 5 5 5 5 5 5 4 5 5 5 5 5 4 5 5 5 5 5 4 5 5 5 5 5 5 4 5 6 4 6 6 4 4 4 4 4 6 4 4 4 6 6 4 6 6 4 4 6 6 4 4 4 4 1 4 4 4 6 4 1 1 1 1 1 1 4 1 1 5 1 5 0 2 0 2 2 4 4 2 2 2 2 4 2 0 4 0 0 0 0 0 0 2 0 0 4 0 2 2 2 2 0 4 0 2 2 2 4 2 0 0 2 2 2 4 2 0 2 2 4 0 2 4 2 0 2 0 0 2 4 0 2 4 4 0 2 2 2 2 2 4 4 4 4 0 2 2 0 2 2 2 2 4 0 2 2 4 2 0 6 4 2 2 2 4 2 2 4 2 0 2 0 0 2 0 2 0 0 0 4 4 2 4 2 2 0 2 4 2 4 4 0 2 2 2 4 2 2 2 0 2 1 1 1 1 1 1 1 1 1 1 1 1 1 1 1 1 1 1 1 1 1 1 1 0 1 1 1 1 0 1 1 0 0 1 1 1 1 1 1 1 1 1 1 1 1 1 0 1 1 1 1 1 1 1 1 1 1 1 1 0 1 1 1 1 1 1 1 1 1 1 1 1 1 1 0 1 1 1 1 1 4 3 4 4 3 3 3 3 3 4 4 3 3 4 4 4 3 4 3 4 3 3 3 3 3 3 4 3 3 4 3 3 3 3 4 4 3 3 4 3 4 4 3 3 4 3 5 3 3 4 3 3 3 4 3 3 4 4 6 5 6 3 3 5 6 3 3 3 6 3 3 4 4 6 5 3 6 5 4 5 6 5 3 3 3 5 3 6 4 2 2 2 2 4 2 3 4 4 2 2 0 2 4 4 0 0 2 2 2 4 4 0 0 2 3 2 
Relevance weights: 
1.21133 0.82554 
1.39442 0.717142 
1.03564 0.96559 
1.0025 0.997507 
1.06862 0.935786 
0.417432 2.3956 
0.835686 1.19662 

OERC:0.517749 ARI:0.27981 F:0.483374 Jac:0.241712 NMI:0.403917 Pur:0.519913 Acc:0.813441 Silhouette:0.175408 Obj:7.24589

Homogeneidade total sem pesos:7.70056

Silhueta detalhada sem pesos:
-52.6278 -374.19 -155.133 23.0299 -251.132 -154.363 76.7121 
-328.72 -265.584 -115.976 -96.6699 -340.117 30.926 74.3867 

Silhueta detalhada com pesos:
-166.834 -423.388 -191.018 -15.8973 -292.737 -63.1937 67.6216 
-289.524 -106.877 -63.1405 -63.5792 -306.689 -89.3879 73.6522 

Partition found at repetition:8
Representatives: 
1256 1183 1940 464 1648 
228 1623 1864 2018 2100 
1727 1106 1372 1054 2271 
1690 1755 1763 497 1408 
1632 1854 2258 2267 74 
943 750 969 731 458 
831 840 542 576 534 
6 1 4 3 3 3 3 3 3 3 3 3 1 3 3 4 6 3 6 1 3 6 3 3 3 6 3 6 6 3 5 5 5 6 5 5 5 5 5 5 5 5 5 5 5 5 5 5 5 5 5 5 5 5 5 5 5 5 5 5 4 3 3 3 3 3 2 6 4 3 3 3 3 3 4 3 3 3 3 4 1 1 4 2 1 3 3 6 4 3 6 0 6 4 6 3 0 6 0 0 6 6 4 3 1 3 3 5 4 4 6 6 6 0 6 6 0 5 6 6 1 1 1 3 1 1 1 1 3 3 6 3 4 6 1 4 3 1 1 1 3 6 6 1 6 1 1 1 1 4 4 4 4 0 1 0 0 0 4 4 4 4 0 0 0 4 0 4 4 4 2 0 6 0 0 0 0 0 4 4 1 4 4 4 4 4 1 1 1 4 4 1 1 4 4 4 1 1 4 4 4 4 4 1 1 4 1 1 1 1 4 4 1 4 4 4 4 4 4 4 4 4 4 4 1 4 4 4 1 1 4 1 4 4 4 4 1 1 4 4 3 4 1 4 4 4 4 4 1 1 4 4 1 4 1 4 4 4 0 4 0 4 0 0 4 4 0 0 0 0 0 0 0 4 0 4 0 0 4 4 4 0 4 0 0 0 0 4 4 0 0 0 0 0 0 0 0 0 0 4 0 4 0 0 0 0 0 4 4 0 4 0 4 4 0 0 0 0 4 0 4 0 0 0 0 4 4 0 0 0 0 0 0 0 4 0 0 0 0 0 4 4 0 0 4 0 0 6 1 1 1 4 1 1 1 4 1 1 4 6 1 1 1 1 1 1 6 1 6 1 1 6 1 6 1 1 1 6 1 6 6 1 1 6 1 1 1 1 1 6 1 4 1 4 1 4 6 6 6 1 1 1 1 1 4 1 1 1 1 1 1 1 1 4 1 1 1 1 6 1 1 1 6 4 1 1 1 1 1 1 1 6 6 6 6 1 4 1 1 1 1 6 1 3 6 6 5 6 0 3 6 1 6 3 6 5 6 3 5 3 3 3 5 6 0 6 0 3 6 0 3 0 0 3 0 0 0 6 3 4 6 3 6 5 6 3 3 6 6 0 0 6 0 3 5 3 4 3 3 0 5 6 6 5 3 6 6 5 3 6 5 3 6 5 6 6 3 6 5 0 0 0 3 6 0 6 6 4 0 6 0 6 5 6 6 5 4 0 3 4 3 0 6 3 3 5 4 3 3 6 0 5 3 6 6 1 5 0 5 3 6 6 6 5 6 6 6 3 5 3 3 5 3 6 4 5 6 3 0 3 3 6 3 0 0 4 5 6 3 6 0 6 6 6 0 0 0 5 3 4 0 3 4 3 3 3 3 3 3 4 4 4 3 3 3 3 3 4 3 3 3 3 3 4 4 4 6 6 3 6 4 3 4 3 4 3 4 6 4 4 3 4 3 3 3 3 3 4 4 3 3 4 3 3 6 3 4 3 4 3 3 4 3 3 3 3 3 3 4 4 3 4 3 4 4 3 3 3 4 4 4 3 3 4 4 3 4 4 4 3 4 3 3 3 3 4 4 4 3 4 3 3 4 3 5 5 5 5 5 5 5 5 5 5 5 5 5 5 5 5 5 5 5 5 5 5 5 5 5 5 5 5 5 5 5 5 5 5 5 5 5 5 5 5 5 5 5 5 5 5 5 5 5 5 5 5 5 5 5 5 5 5 5 5 5 4 4 4 4 4 4 4 4 1 4 4 4 4 1 1 4 4 4 4 4 1 4 3 4 1 1 4 4 1 4 1 4 1 4 1 4 4 1 4 1 1 4 4 1 1 4 1 1 4 4 4 4 1 4 1 4 6 6 1 6 1 1 1 1 1 6 6 1 6 1 6 1 1 1 6 6 6 6 1 1 1 6 6 1 1 1 1 6 6 6 6 6 1 6 1 1 1 1 1 1 1 1 6 1 1 1 6 6 6 1 1 1 1 1 1 1 1 6 6 6 1 6 6 6 6 6 6 6 6 1 6 6 6 6 6 4 0 6 6 6 6 0 6 6 6 6 6 6 3 0 0 5 5 5 5 5 5 5 5 5 5 5 5 5 5 5 5 5 5 5 5 5 5 5 5 5 5 5 5 5 5 5 5 5 5 5 5 5 5 5 5 5 5 5 5 5 5 5 5 5 5 5 5 5 5 5 5 5 4 4 4 4 4 1 4 1 1 4 1 1 1 4 4 4 4 4 4 4 4 1 4 4 4 4 1 1 4 4 1 1 4 1 4 4 4 4 1 1 4 4 1 4 4 1 4 1 4 1 4 6 4 4 4 4 0 4 4 4 4 4 4 4 0 6 4 4 4 4 4 4 4 6 6 6 4 4 0 0 4 2 4 4 6 4 4 4 6 4 6 0 6 6 1 6 4 0 4 4 4 4 6 4 4 0 4 0 4 0 0 4 0 4 0 4 4 4 4 0 4 4 0 4 4 4 4 4 2 4 4 0 4 2 4 0 6 6 4 4 4 6 0 1 4 4 4 4 4 4 4 6 4 1 4 6 0 4 4 4 4 1 4 4 4 4 0 4 0 4 4 4 4 0 4 4 4 4 4 4 6 2 6 0 0 4 4 0 4 3 6 3 1 3 3 3 3 6 3 6 3 3 1 3 3 3 3 3 3 3 0 3 3 3 3 6 3 3 6 4 3 3 3 6 3 3 3 4 6 3 4 3 3 1 3 1 3 6 3 3 3 3 1 3 1 3 1 4 1 3 1 6 0 6 6 3 4 6 0 0 0 6 6 6 3 6 0 0 2 0 0 6 3 3 0 0 6 6 6 0 6 6 3 0 6 0 3 6 0 0 0 3 6 0 3 0 6 0 3 3 6 6 6 4 6 6 6 2 6 3 3 3 3 4 3 3 3 3 3 3 3 3 3 6 3 3 4 3 6 3 3 3 6 3 6 3 6 3 3 4 4 3 3 3 6 3 3 3 3 6 3 3 3 3 3 6 3 6 6 3 3 3 6 3 3 3 3 6 3 3 3 6 3 3 6 3 6 3 3 3 3 3 3 3 3 6 6 3 3 6 6 6 3 3 3 3 6 3 3 2 3 6 3 3 3 3 3 3 3 3 3 3 3 6 4 3 3 3 3 3 3 3 6 3 3 3 3 3 3 3 6 6 3 3 6 3 3 3 3 3 6 6 4 3 3 3 3 3 3 3 3 6 3 3 3 3 3 3 3 6 3 3 3 6 3 4 3 6 3 3 3 6 3 3 3 6 3 3 1 1 1 1 1 1 2 1 1 1 1 1 1 1 1 1 1 1 1 1 1 1 1 1 1 1 2 1 1 1 1 1 1 0 1 1 1 1 1 1 1 1 1 2 0 1 1 1 1 0 5 5 5 5 5 5 5 5 5 5 5 5 5 5 5 5 5 5 5 5 5 5 5 5 5 5 5 5 5 5 5 5 5 5 5 5 5 5 5 5 5 5 5 5 1 1 4 1 4 1 1 1 1 4 4 4 1 4 4 4 4 1 4 4 4 1 1 4 4 4 1 4 1 4 4 4 4 4 1 4 4 4 1 4 4 4 4 1 4 1 1 3 4 4 4 1 1 4 3 3 4 1 3 3 3 1 4 4 3 3 3 3 4 4 4 3 4 4 6 4 4 4 1 3 4 3 3 1 4 4 4 4 4 3 3 3 6 1 4 3 3 3 1 1 4 6 0 0 3 2 6 4 3 3 3 4 6 3 3 3 3 2 4 3 2 3 3 3 3 4 3 3 3 3 2 3 3 3 3 3 3 6 3 3 3 4 2 3 3 3 3 2 4 3 4 3 4 4 3 6 3 4 3 4 3 3 2 3 4 4 3 6 4 3 4 3 3 6 3 3 4 2 3 3 4 3 2 6 3 3 3 3 3 3 4 3 3 6 3 4 4 3 3 2 3 3 3 3 4 6 4 3 3 3 3 3 3 3 3 3 3 3 3 3 4 2 3 6 3 3 3 3 3 3 3 3 3 3 3 3 3 4 3 3 3 4 3 6 3 3 3 3 3 3 3 5 5 5 5 5 5 5 5 5 5 5 5 5 5 5 5 5 5 5 5 5 5 5 5 5 5 5 5 5 5 5 5 5 5 5 5 5 5 5 5 5 5 5 5 5 5 5 5 5 5 5 5 5 5 5 5 5 5 4 1 4 4 4 1 1 4 4 4 1 4 4 4 1 1 4 1 4 4 1 4 1 1 1 4 4 4 4 1 1 4 1 4 4 4 4 4 4 4 4 1 1 1 1 1 1 4 4 4 4 4 4 4 1 4 0 0 0 4 0 4 0 4 0 0 0 4 0 4 0 0 0 0 0 0 0 0 0 0 0 0 0 4 0 0 0 6 6 1 1 1 1 1 6 6 1 1 1 6 6 1 6 6 1 1 6 6 1 1 1 6 6 1 1 1 6 1 6 6 6 6 6 0 0 0 6 0 6 0 3 6 3 4 1 1 1 4 3 3 4 1 4 3 1 3 3 3 3 3 3 4 3 3 1 3 1 6 4 4 3 1 3 4 1 4 1 6 3 3 6 1 3 1 1 3 6 6 1 3 3 1 1 3 4 3 3 4 1 3 4 1 1 3 4 4 6 4 6 1 1 1 1 3 4 3 3 6 1 4 3 1 3 4 4 1 6 3 6 1 4 6 4 1 1 4 1 1 3 1 3 3 4 3 4 3 3 3 1 1 4 1 6 3 3 1 1 1 1 1 3 4 4 4 1 1 4 6 3 4 5 5 5 5 5 5 5 5 5 5 5 5 5 5 5 5 5 5 5 6 5 5 5 5 5 5 5 5 5 5 5 5 5 5 5 6 5 5 6 5 5 6 5 5 5 5 5 5 5 5 5 5 5 5 5 5 5 5 5 5 5 5 5 5 5 5 5 5 5 5 5 5 5 6 5 5 5 5 5 5 1 4 1 1 4 4 4 4 4 1 1 4 4 1 1 1 4 4 4 1 4 4 4 4 4 4 1 4 4 1 4 4 4 4 1 4 4 4 1 4 1 1 4 4 1 4 4 4 4 0 4 4 4 0 4 4 4 1 4 4 4 4 4 4 4 4 4 4 4 4 4 1 0 4 4 4 4 2 4 4 4 4 4 4 4 4 4 4 1 4 4 4 4 1 1 4 1 1 4 4 3 4 1 1 3 3 4 4 1 1 1 3 3 4 4 4 
Relevance weights: 
0.549234 1.82072 
1.13385 0.881952 
0.381238 2.62303 
1.38336 0.722879 
1.08281 0.923519 
1.36057 0.734986 
1.40844 0.710003 

OERC:0.501732 ARI:0.294326 F:0.518902 Jac:0.254952 NMI:0.407794 Pur:0.585281 Acc:0.809097 Silhouette:0.248422 Obj:6.72878

Homogeneidade total sem pesos:6.79665

Silhueta detalhada sem pesos:
-57.3845 -169.584 19.3568 -210.796 -362.896 -180.172 -25.957 
-148.169 -307.894 20.4301 -444.239 -528.741 -252.996 -270.099 

Silhueta detalhada com pesos:
-100.654 -313.886 21.1842 -414.503 -491.899 -302.334 -221.763 
-125.77 -151.728 16.9739 -318.693 -467.535 -12.1701 -203.005 

Partition found at repetition:9
Representatives: 
31 518 2179 750 715 
1645 1220 1299 1693 1324 
363 911 1463 524 871 
451 1884 2065 2211 1563 
2296 1968 2196 832 1883 
2253 1640 1038 323 1408 
313 319 2097 1480 1890 
1 3 1 1 1 1 1 1 1 1 1 1 3 1 1 1 3 1 1 4 1 1 1 1 1 1 1 3 1 1 0 0 0 0 0 0 0 0 0 0 0 0 0 0 0 0 0 0 0 0 0 0 0 0 0 0 0 0 0 0 1 1 1 1 1 1 5 1 1 1 1 1 5 1 1 1 1 1 1 1 4 4 1 5 4 1 1 1 1 1 2 2 0 1 2 1 2 2 2 2 2 2 1 0 4 1 0 0 3 3 2 2 2 2 0 2 2 0 2 2 3 3 4 1 4 2 4 2 1 1 2 1 1 2 2 1 1 2 3 2 1 2 2 2 1 4 2 2 4 1 1 5 3 4 4 3 3 4 1 5 1 5 4 3 3 3 3 3 5 3 5 4 3 4 4 3 4 5 5 1 3 1 1 3 3 1 3 3 3 1 1 4 3 1 1 3 4 4 1 1 3 1 1 4 4 1 3 3 3 4 3 1 3 1 3 3 1 1 1 1 1 1 3 1 3 1 3 1 4 4 1 3 3 3 3 1 3 3 3 1 1 3 3 3 1 1 1 3 3 4 1 3 3 3 3 3 1 3 3 5 3 3 3 4 5 5 4 4 3 3 3 3 3 5 4 3 3 4 5 3 1 3 5 4 3 3 3 3 5 3 3 3 4 3 3 4 4 4 4 5 4 5 3 4 4 3 3 3 3 4 3 3 5 6 3 3 4 3 5 6 3 4 4 5 4 3 5 3 3 5 4 3 4 4 5 3 5 3 4 3 5 5 5 3 5 3 3 2 2 4 4 1 2 2 2 3 2 2 1 2 3 2 2 2 2 4 2 2 2 3 3 2 4 2 4 3 3 2 2 2 2 2 2 3 2 3 3 2 2 2 4 3 2 1 3 1 2 2 2 2 2 3 2 3 3 2 4 2 4 3 4 4 3 1 3 2 3 2 2 2 4 3 2 1 3 3 4 2 3 4 2 2 2 2 2 3 3 3 3 3 2 2 4 0 2 2 0 2 5 0 2 3 2 1 2 0 2 0 0 0 5 0 0 2 4 0 1 5 1 2 1 2 2 0 2 2 2 1 0 1 2 5 2 0 0 0 0 1 2 2 2 2 2 1 0 0 1 1 0 2 0 2 3 0 0 0 0 0 1 2 0 1 0 0 0 0 0 1 0 2 2 2 0 2 2 0 2 1 1 0 2 1 0 0 2 0 1 2 0 1 0 1 2 0 1 0 1 1 1 0 2 0 1 0 2 2 0 2 0 0 3 2 2 0 0 2 0 1 0 0 1 0 1 1 1 0 2 0 2 0 5 2 0 2 1 1 0 2 1 3 5 2 2 2 2 2 2 0 0 1 2 1 3 0 1 1 1 1 1 1 1 1 5 1 1 1 1 1 1 1 1 1 1 1 1 1 1 1 1 1 1 1 1 1 1 1 1 1 1 1 1 1 1 1 1 1 1 1 1 1 1 1 1 1 1 1 1 1 1 1 1 1 1 1 1 1 1 1 1 1 1 1 1 1 1 1 1 1 1 1 1 1 1 1 1 1 1 1 1 1 1 1 1 1 1 1 1 1 1 1 1 1 1 1 0 0 0 0 0 0 0 0 0 0 0 0 0 0 0 0 0 0 0 0 0 0 0 0 0 0 0 0 0 0 0 0 0 0 0 0 0 0 0 0 0 0 0 0 0 0 0 0 0 0 0 0 0 0 0 0 0 0 0 0 0 1 3 1 1 1 3 3 1 3 1 3 1 1 3 3 3 3 1 3 1 3 3 1 3 4 4 1 1 3 1 4 3 4 1 3 1 3 3 1 3 4 3 1 3 3 1 4 4 3 1 3 1 3 3 3 1 2 2 3 2 2 3 4 2 2 2 2 4 1 3 2 2 3 3 2 2 1 2 3 2 3 1 1 2 4 3 2 2 1 2 2 2 4 2 2 4 3 4 4 2 4 2 2 4 2 4 2 2 1 3 4 2 2 3 4 2 4 2 2 2 4 2 2 2 2 2 2 3 2 4 2 2 2 2 2 1 2 2 1 3 2 2 1 2 2 2 2 2 5 2 2 0 0 0 0 0 0 0 0 0 0 0 0 0 0 0 0 0 0 0 0 0 0 0 0 0 0 0 0 0 0 0 0 0 0 0 0 0 0 0 0 0 0 0 0 0 0 0 0 0 0 0 0 0 0 0 0 0 3 1 1 1 3 3 1 3 4 3 3 3 3 3 3 3 1 1 1 1 1 4 1 3 3 1 4 3 3 3 3 3 1 3 3 3 3 3 4 3 1 3 3 1 3 3 3 3 3 4 3 3 3 5 5 5 3 1 3 5 1 3 5 1 4 5 3 5 5 5 5 5 3 3 3 3 5 5 5 3 3 3 1 5 3 3 5 5 3 3 3 3 3 3 4 3 3 5 3 3 5 3 3 5 5 5 5 4 3 4 3 3 4 5 3 1 1 5 5 3 3 3 4 5 5 5 5 1 5 5 5 5 1 5 1 4 3 3 5 3 1 3 4 4 5 1 5 5 3 1 5 3 1 4 5 3 3 5 3 3 5 4 1 1 5 5 4 5 3 5 5 3 5 4 1 3 3 5 5 1 3 5 3 4 5 5 3 3 5 1 1 1 2 1 1 1 1 1 1 2 1 1 2 1 1 1 1 1 1 1 1 1 1 1 1 1 1 1 1 1 1 1 1 1 1 1 1 1 1 1 1 1 1 4 1 4 1 1 1 1 1 1 2 1 2 1 2 1 4 1 2 0 2 0 2 1 1 1 5 2 2 3 2 1 1 0 1 5 5 2 2 2 1 1 2 2 0 0 0 5 2 0 1 2 3 1 1 0 5 1 2 5 2 2 1 2 2 2 1 1 0 2 2 1 2 0 2 5 1 1 1 1 1 1 1 1 1 1 1 1 1 1 1 2 1 1 1 1 1 1 1 1 1 1 1 1 1 1 1 1 1 1 1 1 2 1 1 1 1 1 1 1 1 1 1 1 1 1 1 1 1 1 1 1 1 1 1 1 1 1 1 1 1 1 1 1 1 1 1 1 1 1 1 1 1 2 1 1 1 1 1 1 1 1 1 1 1 1 1 1 1 1 1 1 1 1 1 1 1 1 1 1 1 1 1 1 1 1 1 1 1 1 1 1 1 1 1 1 1 1 1 1 1 1 1 5 1 1 1 1 2 2 1 1 1 1 1 1 1 1 1 2 1 1 1 1 1 1 1 1 1 1 1 1 1 1 1 1 1 1 1 1 1 1 1 2 1 1 4 4 4 4 4 2 5 4 4 2 2 4 2 2 4 2 2 4 2 2 2 3 2 4 2 2 5 4 4 6 4 4 4 5 4 2 2 2 4 4 2 4 4 5 5 2 2 2 4 2 0 0 0 0 0 0 0 0 0 0 0 0 0 0 0 0 0 0 0 0 0 0 0 0 0 0 0 0 0 0 0 0 0 0 0 0 0 0 0 0 0 0 0 0 3 4 3 3 3 3 3 3 3 1 3 3 4 1 3 1 1 3 3 1 1 3 3 3 3 1 4 3 3 1 3 3 3 3 3 3 1 1 3 1 1 3 3 3 1 4 3 1 1 1 1 3 3 1 1 1 1 4 1 1 1 3 1 1 1 1 1 1 1 1 1 1 1 1 3 1 1 1 4 1 1 1 1 2 1 1 1 1 1 1 1 1 3 4 1 5 1 1 4 3 1 1 3 4 1 5 1 1 1 1 1 1 1 1 1 1 1 5 1 1 5 1 1 1 1 1 1 1 1 1 5 1 1 1 1 1 1 1 1 1 1 1 5 1 1 1 1 5 1 1 1 1 1 1 1 1 1 1 1 1 1 1 5 1 1 1 1 1 1 1 1 1 1 1 1 1 1 5 1 1 1 1 5 1 1 1 1 1 1 1 1 1 1 1 1 1 3 1 1 5 1 1 1 1 1 1 1 1 1 1 1 1 1 1 1 1 1 1 1 1 1 5 1 1 1 1 1 1 1 1 1 1 1 1 1 1 1 1 1 1 1 1 1 1 1 1 1 1 1 1 1 0 0 0 0 0 0 0 0 0 0 0 0 0 0 0 0 0 0 0 0 0 0 0 0 0 0 0 0 0 0 0 0 0 0 0 0 0 0 0 0 0 0 0 0 0 0 0 0 0 0 0 0 0 0 0 0 0 0 1 3 3 1 1 3 3 3 3 3 4 3 1 3 3 3 3 3 3 3 3 1 4 3 4 3 1 1 3 4 3 1 4 3 1 3 6 3 1 3 3 3 3 3 4 3 3 1 1 3 1 3 1 3 4 3 5 5 4 3 2 3 5 3 5 4 5 3 5 1 5 4 5 3 5 3 5 4 5 3 3 5 5 3 4 5 2 3 2 3 2 2 2 4 3 2 4 2 4 3 2 2 2 2 2 4 2 3 2 4 2 2 2 2 4 2 2 4 2 2 2 2 2 2 2 2 2 2 2 2 1 1 1 1 3 4 3 1 1 1 1 4 3 1 4 1 1 1 1 1 1 1 1 1 4 1 3 3 1 1 1 4 1 1 3 1 4 3 1 1 3 3 1 4 3 1 3 1 4 1 1 4 3 1 3 1 1 1 3 1 1 4 3 1 1 1 3 3 3 4 4 3 4 1 1 1 1 1 3 1 1 3 1 1 1 4 3 1 1 3 1 3 1 4 3 1 3 3 1 3 1 1 1 1 1 1 1 1 4 4 1 3 3 6 1 3 4 3 4 3 1 1 3 1 3 3 1 3 1 1 0 0 0 0 0 0 0 0 0 0 0 0 0 0 0 0 0 0 0 0 0 0 0 0 0 0 0 0 0 0 0 0 0 0 0 0 0 0 0 0 0 0 0 0 0 0 0 0 0 0 0 0 0 0 0 0 0 0 0 0 0 0 0 0 0 0 0 0 0 0 0 0 0 0 0 0 0 0 0 0 3 3 4 3 1 3 1 3 1 3 4 3 1 4 4 3 1 3 1 3 3 3 1 1 1 3 3 1 3 4 3 3 3 1 3 3 3 1 3 3 3 3 1 3 4 3 1 1 1 3 1 1 1 3 1 1 3 4 5 5 5 1 1 5 3 1 1 1 5 1 1 3 3 3 1 5 3 5 3 5 3 1 1 1 1 5 1 3 4 3 3 1 3 4 3 1 4 4 1 1 1 1 4 2 1 1 1 1 3 3 4 1 1 3 3 1 
Relevance weights: 
1.33608 0.748456 
1.0331 0.967956 
0.838162 1.19309 
1.15903 0.862792 
1.30128 0.768473 
0.439487 2.27538 
0.857112 1.16671 

OERC:0.54026 ARI:0.258907 F:0.502497 Jac:0.241384 NMI:0.386894 Pur:0.609957 Acc:0.77354 Silhouette:0.25256 Obj:6.80181

Homogeneidade total sem pesos:6.85509

Silhueta detalhada sem pesos:
-398.884 -847.697 -268.701 -420.237 -177.562 -137.202 4.79717 
-390.648 -850.23 -274.175 -422.818 -185.624 -129.016 4.6571 

Silhueta detalhada com pesos:
-402.152 -849.282 -268.446 -422.259 -182.149 -133.593 4.76346 
-380.952 -848.84 -274.304 -420.993 -182.838 -134.855 4.71624 

Partition found at repetition:10
Representatives: 
79 1174 9 1993 1446 
1915 1927 331 310 1045 
110 463 2144 1386 446 
2235 254 1868 2222 243 
587 2069 842 367 2290 
2174 518 743 506 504 
1682 1196 1306 2051 824 
6 4 0 0 0 0 0 0 0 0 0 0 4 0 0 6 6 0 6 4 0 2 0 0 0 6 0 6 6 0 5 5 5 2 5 5 2 5 5 5 5 5 5 5 2 5 2 5 5 5 5 2 5 5 5 5 5 5 5 5 0 0 0 0 0 0 3 6 0 0 0 0 5 0 0 0 0 0 0 0 4 4 6 3 4 0 0 6 6 0 4 4 2 0 4 0 1 4 4 4 6 2 6 5 4 0 5 2 1 6 2 4 2 4 2 4 2 5 2 4 4 4 4 0 4 4 4 4 0 0 6 0 3 4 4 6 0 4 4 4 0 6 6 4 6 4 4 4 4 0 1 0 1 1 1 1 1 1 1 1 0 1 1 1 1 1 1 1 1 1 0 1 1 1 1 1 1 0 1 1 4 0 0 3 3 3 3 3 3 3 3 3 3 0 3 3 3 3 3 3 3 3 0 3 3 3 3 3 3 3 3 3 3 3 3 3 3 3 3 3 3 3 3 3 3 3 3 3 3 3 3 3 3 3 3 3 3 3 3 3 0 3 3 3 3 3 3 3 3 3 3 3 3 3 3 3 3 3 1 1 1 1 1 1 1 1 1 1 1 1 1 1 1 1 1 1 1 1 0 1 1 1 1 1 1 1 1 1 1 1 1 1 1 1 1 1 1 1 1 1 1 1 1 1 1 1 1 1 1 1 1 1 0 1 1 1 1 1 1 1 1 1 1 1 1 1 1 1 1 0 1 1 1 1 1 1 0 1 1 1 1 1 0 1 0 1 1 4 4 4 4 6 4 4 4 6 4 4 6 4 4 4 4 4 4 4 4 4 6 4 3 4 4 4 4 6 6 4 4 4 6 4 4 6 4 4 6 4 4 6 4 6 4 6 4 6 4 4 4 4 6 6 4 4 6 6 4 4 4 4 4 4 6 6 4 4 3 4 4 4 4 4 6 6 3 6 4 4 4 4 4 4 4 6 6 4 6 3 4 4 4 4 4 5 4 2 2 6 5 5 6 3 4 0 4 5 6 5 2 5 0 5 5 2 4 2 2 5 1 2 5 4 4 5 4 4 4 2 5 0 6 0 1 2 1 5 5 2 4 4 4 4 4 0 2 5 0 0 5 2 5 6 1 5 5 2 5 2 0 4 5 5 2 5 2 2 5 2 5 4 2 4 5 4 4 2 2 0 0 2 2 2 5 2 6 2 1 4 5 1 5 0 6 5 0 5 0 5 5 2 4 5 0 2 6 4 5 4 5 5 6 2 6 5 2 2 2 0 5 5 0 5 0 1 0 5 2 5 4 5 0 2 5 4 0 0 2 4 0 4 0 6 4 1 4 2 2 5 5 1 4 0 1 5 0 0 0 0 0 0 0 6 0 0 0 0 0 0 0 0 0 0 0 6 0 0 6 6 0 6 0 0 0 0 0 0 6 6 0 0 0 6 0 0 0 0 0 0 0 0 0 6 0 0 6 0 0 0 0 0 0 6 0 0 0 0 0 0 0 0 0 0 0 0 6 0 0 0 0 0 0 0 0 0 0 0 0 0 6 0 6 0 0 0 0 0 0 6 0 0 0 0 0 0 5 5 5 5 2 5 5 5 5 5 5 5 5 5 5 5 2 5 5 5 5 5 5 5 5 5 5 5 5 5 5 5 5 5 5 5 5 5 5 5 5 5 5 5 2 5 5 5 5 5 5 5 5 5 5 5 2 5 5 5 5 3 3 3 3 3 3 3 3 3 0 3 3 3 3 3 3 3 0 3 0 3 3 0 3 3 3 3 3 3 3 3 3 3 3 3 3 3 3 3 3 3 3 3 3 3 3 3 3 3 3 3 3 3 3 3 0 4 6 4 6 4 4 4 4 4 6 6 4 6 6 6 4 4 6 4 4 6 4 4 4 4 6 6 4 4 4 4 6 6 4 6 6 4 6 4 4 6 4 4 4 4 4 4 4 4 4 4 6 6 6 4 4 4 6 4 4 4 2 4 2 4 4 4 2 4 2 4 6 1 4 4 4 4 4 2 6 4 2 6 6 4 4 6 2 4 2 4 4 5 4 4 5 5 5 5 5 5 5 5 5 5 2 5 5 5 5 5 2 5 5 5 5 5 5 5 5 5 2 5 2 5 5 5 5 5 5 5 5 5 2 5 5 5 2 2 5 5 5 5 5 5 5 5 5 5 5 5 5 3 0 0 0 3 4 6 3 3 3 3 3 3 3 3 6 3 3 0 0 0 3 0 3 3 0 3 3 3 1 3 3 3 4 3 3 3 3 3 3 3 3 3 3 3 3 3 3 3 3 1 1 1 1 1 1 1 1 1 1 1 1 1 1 1 1 1 1 1 1 1 1 1 1 1 1 1 1 0 1 1 1 1 1 1 1 1 1 1 1 1 1 1 1 1 1 1 0 1 1 1 1 1 1 1 0 1 1 1 1 1 1 1 1 1 1 1 1 1 1 1 1 1 1 1 1 1 1 0 1 1 0 1 1 1 1 1 1 1 1 1 1 1 1 1 1 1 1 1 1 1 1 1 1 1 1 1 1 1 1 1 1 1 1 1 1 1 1 1 1 0 1 1 1 1 1 1 1 1 1 1 0 1 1 0 1 1 1 1 0 6 0 4 0 0 0 0 6 0 4 0 0 4 0 0 0 0 0 0 0 0 0 0 0 0 6 0 0 6 6 0 0 0 6 0 0 0 0 6 0 0 0 0 4 0 4 0 6 0 0 0 0 4 0 4 0 4 0 4 0 4 5 4 1 4 0 6 2 5 4 1 1 2 1 0 2 0 1 3 1 4 2 5 0 4 4 2 2 1 5 2 2 0 4 1 2 5 2 1 2 4 0 2 4 0 4 2 4 0 0 1 4 4 0 1 2 4 5 6 0 0 0 0 0 0 0 0 0 0 0 0 0 0 2 0 0 0 0 6 0 0 0 6 6 6 0 6 0 0 0 0 0 0 0 6 0 0 0 0 6 0 0 0 0 0 6 0 6 6 0 0 0 6 0 0 0 0 6 0 0 0 6 0 0 0 0 6 0 0 0 0 0 0 0 0 6 6 0 0 6 6 6 0 0 0 0 2 0 0 0 0 6 0 0 0 0 0 0 0 0 0 0 0 2 0 0 0 0 0 0 0 0 6 0 0 0 0 0 0 0 6 6 0 0 6 0 0 0 0 0 6 2 0 0 0 0 0 0 0 0 0 6 0 0 0 0 0 0 0 6 0 0 0 6 0 0 0 6 0 0 0 6 0 0 0 6 0 0 4 4 4 4 4 4 3 4 4 4 4 4 4 4 4 4 4 4 4 4 4 4 4 4 4 4 3 4 4 4 4 4 4 4 4 4 4 4 4 4 4 4 4 3 4 4 4 4 4 3 2 2 5 5 5 2 5 2 2 2 5 2 5 5 5 5 2 2 5 2 2 5 2 2 2 5 5 2 5 2 2 2 2 5 5 5 5 5 5 5 2 5 5 5 3 3 3 3 3 3 3 3 3 3 3 3 3 3 3 3 3 3 3 0 3 3 3 3 3 3 3 3 3 3 3 3 3 3 3 3 0 3 3 3 3 3 3 3 0 4 4 0 6 0 0 6 6 6 0 0 6 4 0 0 0 6 6 0 0 0 0 0 6 0 0 0 0 0 1 0 0 0 4 0 6 0 0 4 0 6 0 6 0 0 0 0 1 4 0 0 0 0 4 4 0 6 1 4 0 3 6 6 0 0 0 0 6 0 0 0 0 3 6 0 3 0 0 0 0 0 0 0 0 0 5 0 0 0 0 0 0 6 0 0 0 0 3 0 0 0 0 5 0 0 6 0 0 6 0 6 0 0 0 6 0 0 3 0 0 6 0 6 0 0 6 0 0 6 0 0 0 3 0 0 6 0 3 6 0 0 0 0 0 0 6 0 0 6 0 0 6 6 0 5 0 0 0 6 0 6 6 0 0 0 0 0 0 0 0 0 0 0 0 0 0 3 0 6 0 0 0 0 0 0 0 0 0 0 0 0 0 6 0 0 0 0 0 6 0 0 0 0 6 0 0 2 5 5 2 2 5 5 5 2 5 5 2 2 5 5 5 5 5 5 5 2 5 2 2 5 5 5 5 5 5 5 5 5 5 2 2 5 5 5 5 5 5 5 5 5 5 5 2 5 5 5 2 5 5 5 5 5 5 0 3 3 3 0 3 3 3 3 3 4 3 3 3 3 3 3 3 3 3 3 3 3 3 3 3 0 0 3 3 3 0 3 3 3 3 3 3 0 3 3 3 3 3 3 3 3 0 0 3 3 3 3 3 3 3 1 3 1 1 1 1 1 1 3 1 1 1 1 0 1 1 1 1 1 1 1 1 4 1 1 4 1 1 4 1 4 4 6 4 4 4 4 4 4 4 4 4 4 1 6 4 4 6 4 4 4 6 4 4 4 4 6 4 4 4 4 4 4 4 1 4 2 4 4 4 4 1 2 4 0 6 0 0 4 4 4 6 0 0 6 4 6 0 4 0 0 0 0 0 0 6 0 0 4 0 4 6 6 0 0 4 0 6 4 0 4 6 0 0 6 4 0 4 4 0 6 6 4 0 0 4 4 0 6 0 0 6 4 0 0 4 4 0 6 0 6 6 6 4 4 4 4 0 0 0 0 6 6 0 0 4 0 0 0 4 6 0 6 4 6 6 0 4 6 6 4 4 0 4 0 0 6 0 6 0 0 0 4 4 6 4 6 0 0 6 4 4 4 4 0 0 6 0 4 4 6 6 0 0 5 5 5 5 5 5 5 5 5 2 2 5 5 5 5 5 5 5 5 5 5 5 5 5 2 5 5 5 5 2 2 5 5 5 5 2 2 2 2 5 5 2 5 5 5 5 5 5 5 5 5 5 5 5 5 5 5 5 5 5 5 5 2 5 5 5 5 2 5 5 5 5 5 2 5 5 5 2 2 2 3 3 3 3 3 3 3 3 3 3 3 3 3 3 3 3 3 3 3 3 3 3 3 3 3 3 3 0 3 3 3 3 3 3 3 3 3 3 3 3 3 3 3 3 3 3 0 0 0 1 0 0 0 1 0 0 1 4 1 0 1 0 0 0 1 0 0 0 1 0 0 1 1 1 0 0 1 0 1 0 1 0 0 1 0 0 0 1 4 6 6 6 6 4 4 0 4 4 3 0 0 0 4 3 0 0 3 0 3 3 4 0 0 6 6 6 
Relevance weights: 
1.08964 0.917736 
1.36716 0.731444 
1.6276 0.614403 
0.697769 1.43314 
1.28141 0.78039 
0.864264 1.15705 
1.36836 0.730803 

OERC:0.408225 ARI:0.390235 F:0.607175 Jac:0.319663 NMI:0.505619 Pur:0.657576 Acc:0.839522 Silhouette:0.24841 Obj:6.47538

Homogeneidade total sem pesos:6.54197

Silhueta detalhada sem pesos:
-362.03 -82.3308 60.7569 -152.338 -118.751 -202.248 1.81084 
-434.333 101.064 -7.19525 97.9674 -178.63 -85.555 92.4473 

Silhueta detalhada com pesos:
-237.136 -72.754 45.1543 39.2355 -57.1243 -92.0794 30.798 
-472.131 67.8155 25.9135 -63.3626 -189.694 -198.2 103.461 

Partition found at repetition:11
Representatives: 
755 2181 1807 2136 55 
1297 1321 1366 21 1448 
1929 2275 1924 453 2002 
906 907 1240 67 1211 
1941 1583 1602 2243 778 
1581 1582 2305 768 1612 
677 1425 1706 1668 1370 
1 4 5 5 6 6 6 6 6 1 5 6 4 1 6 5 4 6 1 4 6 1 5 1 1 1 5 4 1 1 0 0 0 0 0 0 0 0 0 0 0 0 0 0 0 0 0 0 0 0 0 0 0 0 0 0 0 0 0 0 6 6 6 6 6 6 2 3 5 6 6 6 1 5 5 6 6 6 6 5 4 4 6 2 4 6 6 1 5 6 4 3 1 5 4 6 4 4 4 4 1 3 1 1 4 5 6 1 4 4 1 3 1 4 1 4 1 1 1 3 4 4 4 6 4 4 4 4 5 5 1 1 3 3 4 5 6 4 4 4 6 1 3 1 1 4 4 4 4 5 5 5 4 4 4 4 4 4 5 5 5 5 4 4 4 4 4 2 2 4 5 4 4 4 4 4 4 5 2 5 4 5 5 5 5 5 4 4 4 5 5 4 4 5 5 5 4 4 5 5 5 5 5 4 4 5 4 4 4 4 5 5 4 5 5 4 5 5 5 5 5 5 5 5 4 5 4 5 4 4 5 4 5 4 5 5 4 4 5 5 5 5 4 4 5 5 5 4 4 4 5 4 4 5 4 5 5 5 4 5 4 2 4 4 5 5 4 4 4 4 4 4 4 5 4 4 4 4 5 2 5 4 5 4 4 4 4 4 5 4 4 4 4 4 4 4 4 4 4 2 4 2 4 4 4 4 4 2 2 4 2 4 2 4 4 4 4 4 2 4 2 4 4 4 4 4 2 4 4 2 4 4 4 4 2 4 2 4 4 4 5 5 2 4 5 4 4 1 4 4 4 5 3 3 4 5 4 4 5 4 4 3 4 4 3 4 3 4 1 4 4 3 4 4 4 4 4 1 4 1 1 4 4 1 4 4 4 3 4 1 4 5 4 5 4 5 4 1 4 4 1 4 4 4 5 1 4 4 4 4 4 4 4 5 4 4 4 4 1 4 4 4 1 5 4 4 4 4 4 4 1 4 4 1 1 4 5 4 4 4 3 1 4 1 3 1 1 4 1 1 1 4 4 2 4 1 1 1 1 6 1 1 1 3 4 1 1 6 1 1 6 4 4 1 4 3 2 1 6 1 4 1 4 1 1 6 6 1 4 4 3 3 3 5 1 6 2 6 6 1 1 1 4 1 6 1 1 1 1 4 1 6 1 1 1 1 6 1 1 2 2 3 6 4 4 1 1 5 1 1 1 1 1 1 1 1 2 4 1 1 1 5 3 1 1 1 1 6 6 1 3 1 6 1 1 4 1 4 1 6 3 1 1 1 1 1 1 6 1 1 6 1 6 1 1 1 1 1 3 1 1 1 1 4 1 1 1 4 6 4 5 1 3 3 2 3 1 1 1 1 4 6 4 6 6 6 6 6 6 5 5 5 6 6 6 6 6 5 6 6 6 6 6 6 6 1 1 1 6 1 5 6 1 6 5 6 1 1 1 5 6 1 6 6 6 6 6 1 5 1 6 5 1 6 1 6 5 6 5 6 6 5 6 6 6 5 6 5 5 6 6 5 6 6 5 6 6 6 5 5 5 6 5 5 1 6 6 5 5 6 6 6 1 6 5 5 1 5 6 5 6 6 1 6 0 0 0 0 0 0 0 0 0 0 0 0 0 0 0 0 0 0 0 0 0 0 0 0 0 0 0 0 0 0 0 0 0 0 0 0 0 0 0 0 0 0 0 0 0 0 0 0 0 0 0 0 0 0 0 0 0 0 0 0 0 5 4 5 5 5 5 5 5 4 5 5 5 5 4 4 4 5 5 5 5 4 4 5 4 4 4 5 5 4 5 4 5 4 5 4 5 5 4 5 4 4 4 5 4 4 5 4 4 4 5 4 5 4 5 4 5 3 3 4 1 4 4 4 4 4 1 4 4 1 4 3 4 4 4 4 4 1 4 4 4 4 1 1 4 4 4 4 1 1 4 1 1 4 1 4 4 4 4 4 4 4 4 4 4 4 4 4 4 1 4 4 4 4 4 4 4 4 1 3 1 4 3 4 1 3 1 3 4 4 4 1 4 4 3 1 3 4 1 1 3 3 3 3 1 4 1 3 1 1 4 4 0 0 0 0 0 0 0 0 0 0 0 0 0 0 0 0 0 0 0 0 0 0 0 0 0 0 0 0 0 0 0 0 0 0 0 0 0 0 0 0 0 0 0 0 0 0 0 0 0 0 0 0 0 0 0 0 0 5 5 5 5 5 4 5 4 4 5 4 4 4 5 5 4 5 5 5 5 5 4 5 4 4 5 4 4 5 4 4 4 5 4 5 4 5 5 4 4 5 5 4 5 5 4 5 4 5 4 4 4 4 5 5 5 4 5 4 5 5 4 5 5 4 4 4 5 5 5 5 5 4 4 4 4 5 3 5 4 4 4 5 5 4 4 5 3 4 4 4 4 4 4 4 4 4 5 4 4 5 4 4 5 5 5 5 4 4 4 4 4 4 5 4 5 5 2 5 4 4 4 4 5 5 5 4 5 5 5 5 5 5 5 5 4 4 4 5 4 5 4 4 4 5 5 5 5 4 5 5 4 5 4 5 4 4 5 4 4 3 4 5 5 5 5 4 5 4 3 5 4 5 4 5 4 4 5 5 5 4 5 4 4 5 3 4 4 5 6 1 6 4 6 6 6 5 1 6 4 6 6 4 6 6 5 6 5 6 5 1 1 6 6 1 1 6 1 1 1 5 6 6 1 5 1 5 5 1 6 5 6 5 4 6 4 6 1 3 6 5 6 4 6 4 6 4 5 4 6 4 1 3 1 4 1 2 1 2 2 3 4 4 1 1 1 1 3 2 4 3 1 6 1 2 3 1 1 4 3 1 1 1 4 1 1 6 1 2 1 3 6 1 4 6 2 1 4 6 6 1 4 3 1 3 1 4 2 1 6 6 6 1 1 6 6 6 6 6 6 1 6 1 1 1 1 1 6 1 6 1 6 1 1 1 6 1 1 6 1 1 6 6 1 1 6 6 6 1 1 6 1 1 6 1 1 1 1 1 1 1 1 1 1 6 6 1 1 1 6 6 1 1 6 1 1 1 6 6 1 1 1 6 6 6 1 1 1 6 1 1 1 6 1 1 1 1 6 6 1 6 1 6 1 1 6 6 1 1 1 6 1 1 1 1 6 6 6 6 6 1 1 1 6 6 6 6 1 6 1 1 1 1 6 1 6 1 1 1 1 1 1 1 6 1 1 6 1 6 6 6 1 6 6 6 1 1 1 6 1 6 1 6 1 1 1 6 1 6 1 6 1 6 1 1 1 6 6 4 4 4 4 4 4 2 4 4 4 4 4 4 4 4 4 4 4 4 4 4 4 4 4 4 4 2 4 4 4 4 4 4 2 4 4 4 4 4 4 4 4 4 2 2 4 4 4 4 3 0 0 0 0 0 0 0 0 0 0 0 0 0 0 0 0 0 0 0 0 0 0 0 0 0 0 0 0 0 0 0 0 0 0 0 0 0 0 0 0 0 0 0 0 4 4 4 4 5 4 4 4 4 5 4 5 4 5 4 5 5 4 4 5 5 4 4 5 5 5 4 4 4 5 5 4 5 4 4 5 5 5 4 5 5 5 4 4 5 4 4 6 5 5 5 4 4 5 6 6 5 4 6 5 5 4 5 5 5 5 6 5 5 5 5 6 1 1 4 5 5 5 4 6 4 5 5 4 5 1 5 3 1 5 5 5 4 4 5 6 6 5 4 4 5 1 4 4 6 2 4 5 6 6 6 5 1 6 6 6 6 3 5 5 2 6 5 6 6 5 6 5 1 5 2 6 6 6 6 6 6 1 6 6 6 3 2 6 6 6 6 2 5 6 6 6 5 5 1 1 6 5 6 5 6 6 2 5 5 4 6 1 5 6 5 5 6 1 6 6 6 2 6 6 5 5 2 1 6 6 6 6 6 6 5 6 6 1 6 1 4 1 6 2 6 6 6 1 6 1 5 6 6 6 6 6 6 6 6 6 6 6 6 6 6 2 6 1 6 6 6 6 6 6 6 6 6 6 6 5 6 5 6 6 6 6 6 1 6 1 6 5 1 6 6 0 0 0 0 0 0 0 0 0 0 0 0 0 0 0 0 0 0 0 0 0 0 0 0 0 0 0 0 0 0 0 0 0 0 0 0 0 0 0 0 0 0 0 0 0 0 0 0 0 0 0 0 0 0 0 0 0 0 5 4 5 5 5 4 4 5 4 5 4 5 5 4 4 4 5 4 4 5 4 5 4 4 4 5 5 5 5 4 4 5 4 4 5 4 5 5 5 5 5 4 4 4 4 4 4 5 5 5 5 4 5 4 4 5 2 2 4 2 2 2 2 2 2 4 2 2 2 5 2 4 2 4 2 2 2 4 2 4 4 2 2 2 4 2 4 4 1 4 4 4 4 4 4 4 4 4 4 4 4 4 4 4 4 4 4 4 4 4 4 4 1 4 4 4 4 4 3 3 4 3 3 4 4 3 4 2 1 4 6 1 6 5 4 4 4 5 5 5 5 4 4 6 4 6 5 6 2 5 6 5 6 6 4 6 4 4 5 6 6 4 6 5 4 6 4 4 6 6 1 4 6 4 4 5 4 1 4 5 5 4 4 5 4 6 5 1 4 6 5 4 4 6 1 5 1 4 4 4 4 4 4 6 5 6 6 1 4 5 6 4 6 6 5 4 1 5 1 4 1 4 5 4 4 1 4 4 5 4 5 5 5 6 5 6 5 6 4 4 1 4 4 6 6 4 4 4 4 4 6 5 5 5 4 4 1 4 6 5 0 0 0 0 0 0 0 0 0 0 0 0 0 0 0 0 0 0 0 0 0 0 0 0 0 0 0 0 0 0 0 0 0 0 0 0 0 0 0 0 0 0 0 0 0 0 0 0 0 0 0 0 0 0 0 0 0 0 0 0 0 0 0 0 0 0 0 0 0 0 0 0 0 0 0 0 0 0 0 0 4 5 4 4 5 5 5 5 5 4 4 5 5 4 4 4 5 4 5 4 5 5 5 5 5 4 4 5 5 4 5 5 5 5 4 4 5 5 4 4 4 4 5 5 4 5 5 5 5 4 5 5 5 4 5 5 4 4 3 3 3 5 5 5 4 5 5 5 3 5 5 4 4 3 5 5 4 5 4 5 4 2 5 3 5 3 5 4 4 4 4 5 4 4 4 3 4 4 3 5 5 5 4 4 5 5 3 5 4 4 4 5 5 5 4 5 
Relevance weights: 
1.17684 0.849733 
1.33867 0.747012 
0.383646 2.60657 
0.673187 1.48547 
1.092 0.915755 
1.07718 0.928349 
1.2326 0.811292 

OERC:0.534632 ARI:0.254777 F:0.485844 Jac:0.232222 NMI:0.383305 Pur:0.554978 Acc:0.791041 Silhouette:0.221484 Obj:6.71459

Homogeneidade total sem pesos:6.80192

Silhueta detalhada sem pesos:
-221.988 -199.476 -26.11 45.2938 -557.025 -268.682 -47.0127 
25.8844 -286.847 29.9547 -9.85625 -608.198 -359.358 -214.883 

Silhueta detalhada com pesos:
-268.428 -273.843 3.69219 21.349 -605.588 -345.981 -185.633 
172.433 -209.951 -0.390726 17.6827 -553.036 -298.211 -106.8 

Partition found at repetition:12
Representatives: 
763 742 1811 1813 971 
2111 694 231 2266 17 
1561 2275 1016 1858 2225 
1222 140 1443 1376 1406 
601 513 1638 263 491 
1948 2042 1897 452 2099 
596 1410 93 450 587 
5 5 3 3 3 3 3 3 3 3 2 3 5 3 3 5 5 1 5 5 3 6 3 3 3 5 3 5 3 3 0 0 0 0 0 0 0 3 0 0 3 0 0 0 0 0 0 0 0 0 0 0 0 0 0 0 0 0 0 0 3 3 3 3 3 3 6 5 3 6 3 3 3 3 3 3 3 3 3 3 5 5 3 6 5 3 3 5 5 3 5 6 4 6 5 3 6 4 4 5 6 4 3 3 5 2 3 4 5 5 4 6 4 4 4 5 4 4 4 4 5 5 5 3 5 5 5 5 3 3 5 3 1 5 5 5 3 5 5 5 3 5 5 5 5 5 5 5 5 3 4 6 4 6 4 4 5 4 4 4 6 4 5 4 4 4 4 5 4 6 2 4 4 4 4 4 4 2 4 4 5 2 2 2 2 2 1 5 5 2 2 5 5 2 2 2 5 5 2 2 2 2 2 5 5 2 1 1 1 5 2 2 1 2 2 1 2 2 2 2 2 2 1 2 5 2 1 2 5 5 2 1 2 1 2 2 5 1 2 2 2 2 1 1 2 2 2 5 1 5 2 1 1 2 1 2 2 2 4 2 4 4 4 4 2 4 4 4 4 4 4 4 4 2 4 6 4 4 2 4 4 4 2 4 4 4 4 5 4 4 4 4 4 5 4 4 4 6 4 4 4 4 4 4 4 4 4 4 6 4 5 4 2 4 5 4 4 4 4 4 5 4 4 4 4 4 4 4 4 2 4 4 4 4 4 4 2 4 4 5 4 2 2 4 2 4 5 5 5 5 5 5 5 5 5 5 5 5 5 5 5 5 5 5 5 5 5 5 5 5 5 5 5 5 5 5 5 5 5 5 5 5 5 5 5 5 5 5 5 5 5 5 5 5 5 5 5 5 5 5 5 5 5 5 5 5 5 5 5 5 5 5 5 5 5 5 5 5 5 5 5 5 5 5 5 5 5 5 5 5 5 5 5 5 5 5 5 5 5 5 5 5 5 4 6 4 3 5 4 3 6 5 5 3 4 4 6 3 4 3 6 3 4 4 4 4 3 3 4 4 3 4 5 3 6 4 4 4 3 3 5 3 5 4 4 3 3 4 5 5 6 4 6 3 4 3 3 3 3 4 4 6 5 4 3 4 4 4 6 5 4 3 3 4 4 4 3 4 4 4 4 4 3 5 4 4 6 3 3 3 6 3 4 3 4 4 6 4 4 3 3 3 5 4 3 4 3 3 3 3 4 4 3 4 4 6 4 5 3 3 5 4 6 4 3 6 3 3 4 4 3 4 3 4 3 4 4 4 6 4 6 6 3 5 3 3 4 6 3 5 2 6 6 5 4 6 6 4 3 4 6 4 5 4 3 3 3 3 3 3 3 3 3 3 3 3 3 3 3 3 3 3 3 3 3 3 3 5 3 3 3 3 3 3 3 3 3 3 3 3 3 3 3 3 3 3 3 3 3 3 3 3 3 3 3 3 3 3 3 3 3 5 3 3 3 3 3 3 3 3 3 3 3 3 3 6 3 3 3 3 3 3 3 3 3 3 3 3 5 3 3 3 3 3 1 3 3 3 3 3 3 3 3 3 0 0 0 0 0 0 3 0 0 0 0 0 0 0 0 0 0 3 0 3 0 0 3 0 0 0 0 0 0 0 0 0 0 0 0 0 0 0 0 0 0 0 0 0 0 0 0 0 0 0 0 0 3 0 0 0 0 0 0 0 3 2 5 2 2 2 2 2 2 5 2 5 2 2 5 5 5 2 2 2 2 5 5 2 5 5 5 2 2 1 2 5 2 5 2 5 2 2 1 2 5 5 2 2 1 1 2 5 5 5 2 5 2 5 2 5 2 5 5 5 5 5 5 5 5 5 5 5 5 5 5 5 5 5 5 5 5 5 5 5 5 5 6 6 5 5 5 5 5 5 5 5 5 5 5 5 5 5 5 5 5 5 5 5 5 5 5 5 5 5 5 5 5 5 5 5 5 5 5 6 5 5 6 5 4 5 5 6 5 5 5 5 5 5 6 6 5 4 6 5 5 4 6 6 4 5 4 5 5 3 4 4 0 0 0 0 0 0 0 0 0 0 0 0 0 0 0 0 0 0 0 0 0 0 0 0 0 0 0 0 0 0 0 0 0 0 0 0 0 0 0 0 0 0 0 0 0 0 0 0 0 0 0 0 0 0 0 0 0 2 2 3 2 2 5 5 5 5 2 5 5 5 2 2 5 2 2 2 2 2 5 2 5 5 2 5 1 2 5 5 5 2 5 2 2 5 2 5 5 2 2 5 2 2 5 2 5 2 5 4 4 4 4 4 2 4 2 4 2 4 4 2 4 4 4 4 2 2 4 2 2 4 4 4 4 2 4 2 4 4 4 4 2 4 4 4 4 4 4 4 4 4 4 4 4 4 2 4 4 2 4 4 2 2 2 2 4 4 4 4 4 4 4 4 2 4 4 4 4 4 4 4 2 4 2 4 2 2 4 2 2 4 4 4 4 4 4 4 4 4 4 4 4 2 4 2 2 4 4 2 4 4 4 2 4 4 4 4 4 4 4 4 4 4 2 4 2 4 4 2 4 2 4 4 4 4 2 2 4 4 2 4 4 2 4 4 4 2 3 3 3 5 3 3 3 3 3 3 5 3 3 5 3 3 3 3 3 3 3 3 3 3 3 3 5 3 3 3 3 3 3 3 3 3 3 3 3 3 3 3 3 3 5 3 5 3 3 3 3 3 3 5 3 5 3 5 3 5 3 5 3 6 4 5 3 6 4 4 4 4 4 4 4 3 4 3 4 6 6 6 4 3 3 6 6 4 3 4 4 4 4 3 4 4 3 3 4 4 3 6 3 4 6 3 6 4 4 3 3 4 5 6 3 4 4 5 6 5 3 3 3 3 3 3 3 3 3 3 3 3 3 3 6 3 3 3 3 3 3 3 3 3 3 5 3 5 3 3 3 3 3 3 3 6 3 3 3 3 3 3 3 3 3 3 3 3 3 3 3 3 3 6 3 3 3 3 3 3 3 3 5 3 3 3 3 5 3 3 3 3 3 3 3 3 6 3 3 3 3 6 5 3 3 3 3 6 3 3 3 3 6 3 3 3 3 3 3 3 3 3 3 3 6 3 3 3 3 3 3 3 3 5 3 3 3 3 3 3 3 6 6 3 3 3 3 3 6 3 3 6 6 3 3 3 3 3 3 3 3 3 6 3 3 3 3 3 3 3 3 3 3 3 5 3 3 3 6 3 3 3 3 3 3 3 6 3 3 5 5 5 5 5 5 6 5 5 5 5 5 5 5 5 5 5 5 5 5 5 5 5 5 5 5 6 5 5 5 5 5 5 6 5 5 5 5 5 5 5 5 5 6 6 5 5 5 5 6 0 0 0 0 0 0 0 0 0 0 0 0 0 0 0 0 0 0 0 0 0 0 0 0 0 0 0 0 0 0 0 0 0 0 0 0 0 0 0 0 0 0 0 0 1 5 1 1 2 1 1 5 1 2 2 2 5 2 1 2 2 5 5 2 2 1 5 2 2 2 5 5 5 2 2 2 5 5 5 2 2 2 5 2 2 2 1 5 3 5 5 3 5 3 3 5 5 5 3 3 5 5 3 3 3 5 5 3 3 3 3 3 3 3 3 3 3 3 5 3 3 3 5 3 5 3 2 5 3 3 3 5 3 2 3 2 5 4 3 3 3 3 5 5 3 5 5 5 3 6 5 5 3 3 3 3 3 3 3 3 3 6 5 3 6 3 3 3 3 3 3 2 3 2 6 3 3 3 3 3 3 5 3 3 3 1 6 3 3 3 3 6 3 3 5 3 3 3 3 3 2 3 3 5 3 3 6 3 3 5 3 5 3 3 3 3 3 5 3 3 3 6 3 3 3 3 6 5 3 3 3 3 3 3 5 3 3 5 6 1 5 3 3 6 3 3 3 3 3 3 3 3 3 3 3 3 3 3 3 3 3 3 3 3 3 6 3 5 3 3 3 3 3 3 3 3 3 3 3 3 3 5 3 3 3 3 3 5 3 3 3 3 3 3 3 0 0 0 0 0 0 0 0 0 0 0 0 0 0 0 0 0 0 0 0 0 0 0 0 0 0 0 0 0 0 0 0 0 0 0 0 0 0 0 0 0 0 0 0 0 0 0 0 0 0 0 0 0 0 0 0 0 0 2 5 2 2 2 5 5 2 5 2 5 2 2 5 1 1 2 1 1 2 5 2 5 1 5 2 2 2 2 5 5 2 5 1 2 5 2 2 2 2 2 5 1 5 5 5 5 2 2 2 2 5 2 1 5 2 6 6 5 5 4 5 6 5 6 4 6 5 6 2 4 4 6 5 6 5 4 4 6 5 5 6 6 5 4 6 5 5 5 5 5 5 5 5 5 5 5 5 5 5 5 5 5 5 5 5 5 5 5 5 5 5 5 5 5 5 5 5 6 4 5 6 4 4 6 6 5 6 4 6 3 5 3 3 5 5 5 3 3 3 5 5 5 3 5 3 3 3 3 2 3 3 3 3 5 3 5 5 1 3 3 5 3 3 5 3 5 5 3 3 5 5 3 5 5 3 5 5 5 2 3 5 5 3 5 3 2 3 5 3 3 5 5 3 3 3 5 5 5 5 5 5 5 3 3 3 3 5 5 3 3 5 3 3 3 5 5 3 5 5 5 5 3 5 5 3 5 5 3 5 2 2 3 3 3 3 3 3 5 5 3 5 5 3 3 5 5 5 5 5 3 3 5 3 5 5 3 1 3 3 0 0 0 0 0 0 0 0 0 0 0 0 0 0 3 0 0 0 0 0 0 0 0 0 0 0 0 0 3 0 0 0 0 0 0 0 0 0 0 0 0 0 0 0 0 0 3 0 0 0 0 0 0 0 0 0 0 0 0 3 0 0 0 3 0 0 0 0 0 0 0 0 0 0 3 0 0 0 0 0 1 2 5 5 2 2 2 2 2 5 5 2 2 5 5 5 2 5 2 5 2 2 2 2 2 1 1 2 1 5 2 2 1 2 5 5 2 2 1 5 1 5 2 2 5 2 6 2 2 6 2 2 2 5 2 2 6 6 6 6 6 2 6 6 6 2 2 2 6 2 2 6 1 6 6 6 6 2 6 2 6 2 2 6 6 6 2 6 5 5 5 5 5 5 5 6 5 5 1 3 3 1 5 1 3 2 1 3 5 5 5 2 2 5 5 1 
Relevance weights: 
1.49096 0.670708 
0.86383 1.15764 
1.04528 0.956679 
1.33781 0.74749 
0.85038 1.17594 
1.13938 0.877672 
0.354076 2.82425 

OERC:0.454978 ARI:0.331787 F:0.571931 Jac:0.283387 NMI:0.474456 Pur:0.648918 Acc:0.811997 Silhouette:0.240193 Obj:6.68601

Homogeneidade total sem pesos:6.70868

Silhueta detalhada sem pesos:
-184.472 49.3341 -123.371 -460.838 -252.297 -485.07 -93.0692 
64.0972 49.8815 -220.351 -589.784 -29.454 -530.362 14.0397 

Silhueta detalhada com pesos:
-239.913 36.7563 -147.088 -524.669 -251.333 -508.517 -28.5246 
165.718 50.6632 -210.386 -561.733 -24.1502 -511.779 -71.2836 

Partition found at repetition:13
Representatives: 
758 1821 1800 92 706 
265 1404 1992 307 905 
13 2242 1302 1497 121 
1410 1384 1285 1167 497 
125 2055 2266 2291 1912 
1582 279 299 2274 986 
1654 527 211 11 1575 
3 4 3 3 3 3 3 3 3 3 3 6 4 2 3 3 3 3 3 4 3 3 3 3 3 3 3 3 3 3 0 0 0 0 0 0 0 0 0 0 0 0 0 0 0 0 0 0 0 0 0 0 0 0 0 0 0 0 0 0 3 3 3 3 3 3 6 3 3 3 3 3 3 3 3 3 3 3 3 3 4 4 3 6 4 3 3 3 3 3 4 4 0 3 4 3 4 4 4 4 1 1 3 3 4 3 3 0 4 4 1 4 1 4 1 4 1 0 1 1 4 2 4 3 4 4 4 4 3 3 3 3 6 2 4 3 3 4 4 4 3 2 4 2 3 4 4 4 4 3 5 6 5 4 4 4 4 4 5 5 5 5 4 4 4 5 5 5 5 5 5 4 5 4 4 5 4 5 5 5 4 5 5 5 5 6 6 5 4 6 5 4 4 5 6 5 4 4 6 5 5 5 5 4 4 6 4 6 6 4 5 6 4 6 5 5 6 6 6 6 6 6 5 5 4 6 5 6 4 4 5 4 5 5 5 6 4 6 5 6 6 5 4 5 6 6 6 5 5 4 6 5 5 5 5 5 6 5 5 5 4 5 4 4 5 1 4 4 4 5 4 4 5 5 4 5 5 4 5 5 5 4 5 4 4 4 4 5 5 5 4 5 4 4 4 4 4 4 4 5 4 5 4 4 4 5 5 1 5 4 5 5 5 5 4 5 4 5 5 4 5 4 4 5 4 5 5 5 5 5 4 5 4 4 5 4 5 4 4 4 5 5 5 5 5 4 4 2 2 4 4 3 2 2 4 3 4 4 3 4 4 2 4 4 2 4 2 4 4 4 4 2 4 4 4 4 4 2 4 2 2 4 4 2 4 4 4 2 4 2 4 2 4 3 4 3 4 2 4 4 2 4 4 4 2 2 4 4 4 4 4 4 4 3 4 4 4 4 4 4 4 4 2 3 4 4 4 4 4 4 2 4 4 2 2 4 3 4 4 4 4 2 4 3 4 1 3 4 3 3 1 4 4 3 4 3 3 3 1 3 3 3 3 1 4 1 3 3 5 1 3 4 4 3 4 1 1 1 3 3 4 3 4 0 1 3 3 1 4 4 4 4 4 3 3 3 5 3 3 1 0 1 4 3 3 1 1 3 3 4 0 3 3 0 1 1 3 1 0 4 1 1 3 4 4 1 1 6 3 3 1 3 0 3 1 0 5 4 3 5 3 3 4 3 3 0 3 3 3 3 1 3 3 1 1 4 0 4 3 3 4 1 1 0 3 1 3 3 0 3 3 3 3 1 3 0 1 3 1 3 3 1 3 4 3 3 0 4 3 4 3 3 4 1 4 1 1 0 3 5 4 3 4 3 3 3 3 3 3 3 3 3 3 3 3 3 3 3 3 3 3 3 3 3 3 3 3 3 3 3 3 3 3 3 3 3 3 3 3 3 3 3 3 3 3 3 3 3 3 3 3 3 3 3 3 3 3 3 3 3 3 3 3 3 3 3 3 3 3 3 3 3 3 3 3 3 3 3 3 3 3 3 3 3 3 3 3 3 3 3 3 3 3 3 3 3 3 3 3 3 3 3 3 3 0 0 0 0 0 0 0 0 0 0 0 0 0 0 0 0 0 0 0 0 0 0 0 0 0 0 0 0 0 0 0 0 0 0 0 0 0 0 0 0 0 0 0 0 0 0 0 0 0 0 0 0 0 0 0 0 0 0 0 0 0 6 5 6 6 6 5 5 6 4 3 5 6 6 4 4 5 5 5 6 5 4 5 6 5 4 4 5 6 4 6 4 5 4 6 5 5 5 4 6 4 4 5 6 4 4 6 4 4 5 6 5 6 4 5 4 3 4 4 4 4 4 4 4 4 4 4 4 4 3 4 4 4 4 4 4 4 3 4 4 4 4 3 3 4 4 4 4 3 3 4 2 3 4 3 4 4 4 4 4 4 4 4 4 4 4 4 4 4 3 4 4 4 4 4 4 4 4 1 4 1 4 4 4 1 1 1 4 5 4 4 1 4 4 4 1 5 4 1 3 4 1 4 3 1 4 1 4 4 3 4 4 0 0 0 0 0 0 0 0 0 0 0 0 0 0 0 0 0 0 0 0 0 0 0 0 0 0 0 0 0 0 0 0 0 0 0 0 0 0 0 0 0 0 0 0 0 0 0 0 0 0 0 0 0 0 0 0 0 5 3 5 5 5 4 5 4 4 5 4 4 4 5 5 5 5 6 3 3 6 4 5 5 5 5 4 4 5 5 4 4 6 4 5 5 5 5 4 4 5 5 4 6 5 4 5 4 5 4 5 5 5 5 5 5 5 5 5 5 5 5 5 5 4 5 5 5 5 5 5 5 5 5 5 5 5 5 5 4 5 4 5 5 4 5 5 5 5 5 5 4 5 5 4 5 5 5 5 5 5 5 5 5 5 5 5 4 5 4 4 5 4 5 4 5 5 5 5 4 5 5 4 5 5 5 5 5 5 5 5 5 5 5 5 4 4 5 5 5 5 5 4 4 5 5 5 5 5 5 5 5 5 4 5 4 4 5 5 5 5 4 5 5 5 5 4 5 4 5 5 5 5 4 5 5 5 5 5 5 4 5 5 4 5 5 5 4 5 3 3 3 4 3 3 3 3 3 3 4 3 3 4 3 3 3 3 3 3 3 3 3 3 3 3 3 3 3 3 3 3 3 3 3 3 3 3 3 3 3 3 3 3 4 3 4 3 3 3 3 3 3 4 3 4 3 4 3 4 3 4 3 4 1 4 3 3 1 1 4 1 5 4 1 3 0 3 1 6 4 4 1 3 3 4 4 1 3 1 1 1 1 3 4 5 3 3 1 1 3 4 3 1 4 3 4 1 4 3 3 1 4 4 3 1 1 4 1 3 3 3 3 3 3 3 3 3 3 3 3 3 3 3 3 3 3 3 3 3 2 3 3 3 3 3 3 3 3 3 3 3 3 3 3 3 3 3 3 3 3 3 3 3 3 3 3 3 3 3 3 3 3 3 3 3 3 3 3 3 3 3 3 3 3 3 3 3 3 3 3 3 3 3 3 3 3 3 3 3 3 3 3 3 3 3 3 3 3 3 3 3 3 3 3 3 3 3 3 3 3 3 3 3 3 3 3 3 3 3 3 3 3 3 3 3 3 3 3 3 3 3 1 3 3 3 3 3 3 3 3 3 3 3 3 3 3 3 3 3 3 3 3 3 3 3 3 3 3 3 3 3 3 3 3 3 3 3 3 3 3 3 3 3 3 3 3 3 3 4 4 4 4 4 4 6 4 4 4 4 4 4 4 4 4 4 4 4 4 4 4 4 4 4 4 6 4 4 4 4 4 4 1 4 4 2 4 4 4 4 4 4 6 4 4 2 4 4 6 0 0 0 0 0 0 0 0 0 0 0 0 0 0 0 0 0 0 0 0 0 0 0 0 0 0 0 0 0 0 0 0 0 0 0 0 0 0 0 0 0 0 0 0 6 4 5 6 5 4 6 4 4 6 5 5 4 5 5 6 6 4 5 5 6 6 4 5 5 6 4 5 4 5 6 5 5 5 4 5 5 5 4 6 6 5 5 4 3 4 4 3 3 3 3 4 4 3 3 3 3 4 3 3 3 4 3 3 3 3 3 3 3 3 3 3 3 3 4 3 3 3 4 3 5 3 3 4 3 3 3 5 3 3 3 3 4 4 3 3 3 3 4 4 3 3 4 4 6 6 3 3 3 6 3 3 3 3 3 3 3 6 3 3 6 3 3 3 3 3 3 3 3 3 6 3 3 3 3 3 3 3 3 3 3 6 6 3 3 3 3 6 3 3 3 3 3 3 3 3 3 3 3 3 3 3 6 3 3 3 3 3 3 3 3 3 3 3 3 3 3 6 3 3 3 3 6 3 3 6 3 3 3 3 3 3 3 3 3 3 4 3 3 6 3 3 3 3 3 3 3 3 3 3 3 3 3 3 3 3 3 3 3 3 3 6 3 3 3 3 3 3 3 3 3 3 3 3 3 3 3 3 3 3 3 3 3 3 3 3 3 3 3 3 3 0 0 0 0 0 0 0 0 0 0 0 0 0 0 0 0 0 0 0 0 0 0 0 0 0 0 0 0 0 0 0 0 0 0 0 0 0 0 0 0 0 0 0 0 0 0 0 0 0 0 0 0 0 0 0 0 0 0 5 4 5 5 6 4 4 5 5 5 4 5 6 5 6 5 5 5 5 5 4 6 4 4 4 5 3 6 5 4 4 6 4 5 6 5 5 5 3 5 5 4 6 4 4 4 5 5 5 5 6 5 5 5 4 5 4 4 4 5 4 5 4 5 1 4 4 5 4 3 4 4 4 4 1 5 4 4 4 4 4 4 1 5 4 4 4 4 2 4 4 4 4 4 4 4 4 4 4 4 4 4 4 4 4 4 4 4 4 4 4 4 4 4 4 4 4 4 4 4 4 4 1 4 4 4 4 4 1 4 3 3 3 3 4 4 4 3 1 3 3 4 4 3 4 3 3 3 3 3 3 3 3 3 4 3 4 4 3 3 3 4 3 3 4 3 4 3 3 3 4 4 3 4 4 3 4 3 4 3 3 4 4 3 4 3 3 3 4 3 3 4 4 3 3 3 3 4 4 4 4 4 4 3 3 3 3 3 4 3 3 4 3 3 3 4 4 3 3 4 3 4 3 4 4 3 4 4 3 4 3 3 3 3 3 3 3 3 4 4 3 4 4 3 3 4 4 4 4 4 3 3 3 3 4 4 3 3 3 3 0 0 0 0 0 0 0 0 0 0 0 0 0 0 0 0 0 0 0 0 0 0 0 0 0 0 0 0 0 0 0 0 0 0 0 0 0 0 0 0 0 0 0 0 0 0 0 0 0 0 0 0 0 0 0 0 0 0 0 0 0 0 0 0 0 0 0 0 0 0 0 0 0 0 0 0 0 0 0 0 4 5 4 4 6 5 5 5 5 4 4 5 6 4 4 4 6 5 6 4 5 5 6 6 6 5 4 3 5 4 5 5 5 5 4 5 5 6 4 5 4 4 6 5 4 5 5 6 2 4 6 5 5 4 5 5 5 4 5 5 5 5 5 6 5 5 5 5 5 5 5 4 4 5 5 6 5 5 5 3 5 5 5 5 5 5 5 5 4 4 4 3 4 4 4 6 4 4 6 3 3 3 4 6 3 3 6 3 4 4 4 3 3 5 4 5 
Relevance weights: 
1.54979 0.64525 
0.968961 1.03203 
0.707173 1.41408 
1.25535 0.796591 
1.17352 0.85214 
1.14733 0.871589 
0.404098 2.47465 

OERC:0.487879 ARI:0.30608 F:0.533482 Jac:0.272049 NMI:0.464157 Pur:0.657576 Acc:0.788099 Silhouette:0.135047 Obj:6.90506

Homogeneidade total sem pesos:6.92428

Silhueta detalhada sem pesos:
-310.65 -50.2084 23.1239 -689.318 -537.154 -277.986 -75.3349 
-133.138 16.8852 28.6835 -737.904 -570.606 -334.387 -69.4872 

Silhueta detalhada com pesos:
-330.957 -59.8783 26.0409 -721.93 -560.539 -312.902 -47.8359 
68.8093 33.5311 29.7117 -719.294 -557.828 -322.332 -88.2167 

Partition found at repetition:14
Representatives: 
1179 493 1402 1352 1429 
2061 1940 1633 1188 534 
890 2068 409 897 2086 
1948 1638 817 1967 789 
1554 183 527 800 2277 
1588 1919 1786 1307 2088 
31 947 2191 943 2143 
1 3 1 0 0 0 0 0 0 0 0 0 3 0 0 1 1 0 1 3 0 0 0 0 0 1 0 1 1 0 6 6 6 6 6 6 6 6 6 6 6 6 6 6 6 6 6 6 6 6 6 6 6 6 6 6 6 6 6 6 0 0 0 0 0 0 5 1 0 0 0 0 0 0 0 0 0 0 0 0 3 3 1 5 3 0 0 1 1 0 3 3 1 0 1 0 3 1 3 3 1 1 1 0 3 0 0 6 3 1 1 1 1 3 1 3 1 0 1 1 3 3 3 0 3 3 3 3 0 0 1 0 5 3 3 1 0 3 3 3 0 2 1 5 1 3 3 3 3 0 4 4 1 3 3 3 3 3 4 4 4 4 3 3 3 1 3 1 4 1 4 3 3 3 3 3 3 4 1 4 3 4 4 4 4 4 5 3 3 4 4 3 3 4 4 4 3 3 4 4 4 4 4 3 3 4 3 3 3 3 4 4 3 4 4 4 4 4 4 4 4 4 4 4 3 4 4 4 3 3 4 3 4 4 4 4 3 5 4 4 4 4 5 4 4 4 4 3 4 3 4 4 3 4 4 4 4 4 3 4 3 1 3 3 4 4 3 3 3 3 3 3 3 4 3 3 3 3 4 1 4 3 4 3 3 3 3 1 4 3 3 3 3 3 3 3 3 3 3 4 3 4 3 3 3 3 3 1 1 3 1 3 4 1 3 3 3 3 1 3 1 3 3 3 3 1 4 3 3 4 3 3 3 3 1 3 4 3 3 3 4 4 4 3 4 3 3 1 3 3 3 1 5 5 3 1 2 3 1 1 3 5 3 3 5 3 3 3 2 3 3 3 3 1 3 3 1 1 3 1 2 3 3 1 3 3 2 5 3 1 3 1 3 1 3 1 1 1 2 3 2 2 3 3 1 2 3 3 3 2 3 3 3 1 3 3 3 3 1 3 3 3 2 1 3 2 3 3 3 3 5 1 3 2 2 3 1 3 3 3 3 2 3 0 1 1 0 1 0 0 1 3 3 0 1 0 1 0 0 0 0 0 0 1 3 1 0 0 1 1 0 3 3 0 3 3 3 1 0 0 1 0 3 0 1 0 0 1 3 3 3 3 3 0 0 0 0 0 0 1 6 1 1 0 0 1 1 0 0 3 0 0 0 0 1 0 0 1 6 3 1 3 0 3 3 1 1 4 0 1 1 0 0 1 1 6 1 3 0 0 0 0 1 0 0 6 0 0 0 0 3 0 0 1 1 3 6 3 0 0 1 1 1 6 0 1 0 0 0 0 0 0 0 1 0 0 1 0 1 0 0 1 0 3 0 0 0 3 0 3 0 1 1 1 3 1 1 6 0 1 3 0 3 0 0 0 0 0 0 1 0 1 0 0 0 0 0 0 0 0 0 0 0 1 0 0 0 1 0 1 0 0 0 0 0 0 1 1 0 0 0 1 0 0 0 0 0 0 1 0 0 1 0 0 1 0 0 0 0 0 0 1 0 0 0 0 0 0 0 0 0 0 0 0 1 0 0 0 1 0 0 0 0 0 0 0 0 0 1 0 1 0 0 0 0 0 0 1 0 1 0 0 0 0 6 6 6 6 6 6 6 6 6 6 6 6 6 6 6 6 6 6 6 6 6 6 6 6 6 6 6 6 6 6 6 6 6 6 6 6 6 6 6 6 6 6 6 6 6 6 6 6 6 6 6 6 6 6 6 6 6 6 6 6 6 4 3 4 4 4 4 4 4 3 4 4 4 4 3 3 3 4 4 4 4 3 3 4 3 3 3 4 4 3 4 3 4 3 4 3 4 4 5 4 3 3 4 4 5 3 4 3 3 4 4 3 4 3 4 3 4 3 1 3 1 3 3 3 3 3 1 1 3 1 1 1 3 3 1 3 3 1 3 3 3 3 1 1 3 3 3 3 1 1 3 1 1 3 1 3 3 1 3 3 3 3 3 3 3 3 3 3 1 1 1 3 3 3 1 3 3 3 1 1 1 3 3 3 1 1 2 3 1 3 3 1 3 2 3 1 1 3 1 1 1 1 3 1 1 3 1 3 1 0 3 3 6 6 6 6 6 6 6 6 6 6 6 6 6 6 6 6 6 6 6 6 6 6 6 6 6 6 6 6 6 6 6 6 6 6 6 6 6 6 6 6 6 6 6 6 6 6 6 6 6 6 6 6 6 6 6 6 6 4 4 4 4 4 3 4 3 3 4 3 3 3 4 4 3 4 4 4 4 4 3 4 3 4 4 3 3 4 3 3 3 4 3 4 4 4 4 3 3 4 4 3 4 4 3 4 3 4 3 1 1 1 4 4 4 3 4 1 4 4 1 4 4 3 3 1 4 4 4 4 4 1 3 3 3 4 4 4 3 1 3 4 4 3 4 4 4 3 1 3 3 3 3 3 1 4 4 4 1 4 1 3 4 4 4 4 3 1 3 3 1 3 4 3 4 4 4 4 3 1 4 3 4 4 4 4 4 4 4 4 4 4 4 4 3 3 3 4 1 4 3 3 3 4 4 4 4 1 4 4 3 4 3 4 3 3 4 1 1 4 3 4 4 4 4 3 4 3 4 4 1 4 3 4 1 1 4 4 4 3 4 3 3 4 1 1 3 4 0 1 0 3 0 0 0 0 1 0 1 0 0 3 0 0 0 0 0 0 0 0 0 0 0 0 1 0 0 1 0 0 0 0 1 0 0 0 0 1 0 0 0 0 3 0 3 0 1 0 0 0 0 3 0 3 0 3 0 3 0 3 0 3 1 1 0 1 1 5 3 1 1 1 1 0 6 0 1 5 3 3 1 0 0 3 3 1 0 1 3 1 1 0 3 1 0 0 1 1 0 3 0 1 3 0 3 1 3 0 0 1 3 3 0 1 1 3 5 1 0 0 0 0 0 0 0 0 0 0 0 0 0 0 1 0 0 0 0 1 0 0 0 0 0 5 0 1 0 0 0 0 0 0 0 1 0 0 0 0 1 0 0 0 0 0 1 0 1 1 0 0 0 1 0 0 0 0 1 0 0 0 1 0 0 0 0 1 0 0 0 0 0 0 0 0 1 1 0 0 0 1 1 0 0 0 0 0 0 0 0 0 1 0 0 0 0 0 0 0 0 0 0 0 0 0 0 0 0 0 0 0 0 1 0 0 0 0 0 0 0 1 1 0 0 1 0 0 0 0 0 1 1 0 0 0 0 0 0 0 0 0 1 0 0 0 0 0 0 0 1 0 0 0 1 0 0 0 1 0 0 0 1 0 0 0 1 0 0 3 3 3 3 3 3 5 3 3 3 3 3 3 3 3 3 3 3 3 3 3 3 3 3 3 3 5 3 3 3 3 3 3 5 3 3 5 3 3 3 3 3 3 5 3 3 3 3 3 5 6 6 6 6 6 6 6 6 6 6 6 6 6 6 6 6 6 6 6 6 6 6 6 6 6 6 6 6 6 6 6 6 6 6 6 6 6 6 6 6 6 6 6 6 3 3 4 3 4 3 3 3 3 4 4 4 3 4 4 4 4 3 3 4 4 3 3 4 4 4 3 3 3 4 4 4 4 3 3 4 4 4 3 4 4 4 4 5 0 3 3 0 1 0 0 1 3 1 0 0 1 3 0 0 0 3 1 1 0 0 0 0 1 0 0 0 0 1 3 0 0 0 3 0 1 0 0 3 0 1 0 1 1 0 0 0 3 3 0 0 0 0 3 3 0 1 3 3 0 5 1 1 0 0 0 1 1 0 0 0 0 5 1 0 5 0 0 0 0 0 0 0 0 0 5 0 0 0 0 0 0 1 0 0 0 5 5 0 0 0 0 5 0 0 1 0 0 1 0 1 0 0 0 1 0 0 5 0 0 1 0 1 0 0 1 0 0 1 0 0 0 5 0 0 1 0 5 1 0 0 0 0 0 0 1 0 0 1 0 1 1 0 0 5 0 0 0 1 0 1 1 0 0 0 0 0 0 0 0 0 0 0 0 0 0 5 0 1 0 0 0 0 0 0 0 0 0 0 0 0 0 1 0 0 0 5 0 1 0 0 0 0 1 0 0 6 6 6 6 6 6 6 6 6 6 6 6 6 6 6 6 6 6 6 6 6 6 6 6 6 6 6 6 6 6 6 6 6 6 6 6 6 6 6 6 6 6 6 6 6 6 6 6 6 6 6 6 6 6 6 6 6 6 4 3 4 4 4 3 3 4 4 4 3 4 4 3 5 3 4 3 4 4 3 4 3 3 3 4 4 4 4 3 3 4 3 4 4 3 4 4 4 4 4 3 3 3 3 3 3 4 4 4 4 4 4 4 3 4 3 5 3 1 3 1 3 1 5 5 3 1 3 4 3 3 3 3 5 1 3 3 3 3 3 3 5 1 3 3 1 3 1 3 3 3 3 3 3 3 3 3 3 3 1 3 3 1 3 3 1 3 3 3 3 3 1 3 3 3 3 3 1 1 1 1 1 3 3 3 3 3 1 3 0 1 0 0 3 3 3 1 0 0 1 3 1 0 3 0 0 0 0 0 0 1 0 0 3 0 3 1 1 0 0 3 0 1 3 0 3 1 0 0 1 3 0 3 3 0 1 1 3 0 0 3 3 0 1 0 0 0 3 0 0 3 3 0 1 1 1 1 1 3 3 3 3 0 1 0 0 1 1 1 0 3 0 0 2 3 1 0 1 3 1 1 0 3 1 1 3 3 0 3 0 0 2 0 5 0 0 0 3 3 1 3 1 0 0 1 3 1 3 3 0 0 1 0 3 3 1 1 0 0 6 6 6 6 6 6 6 6 6 6 6 6 6 6 6 6 6 6 6 6 6 6 6 6 6 6 6 6 6 6 6 6 6 6 6 6 6 6 6 6 6 6 6 6 6 6 6 6 6 6 6 6 6 6 6 6 6 6 6 6 6 6 6 6 6 6 6 6 6 6 6 6 6 6 6 6 6 6 6 6 5 4 3 3 4 4 4 4 4 3 3 4 4 3 3 3 4 3 4 3 4 4 4 4 4 4 5 4 4 3 4 4 4 4 3 3 4 4 5 4 5 3 4 4 3 4 4 4 4 3 4 4 4 3 4 4 3 3 4 4 4 4 4 4 1 4 4 4 4 4 4 3 3 4 4 4 1 4 3 4 1 4 4 4 4 4 4 1 3 1 1 1 1 3 3 5 3 3 5 4 4 4 3 5 0 4 5 4 3 3 3 4 4 1 1 1 
Relevance weights: 
1.21264 0.824646 
1.15412 0.866462 
1.13662 0.8798 
1.09109 0.916511 
1.06221 0.941432 
0.723368 1.38242 
1.41864 0.704899 

OERC:0.545887 ARI:0.284377 F:0.507803 Jac:0.253151 NMI:0.417669 Pur:0.592208 Acc:0.794539 Silhouette:0.198022 Obj:6.72125

Homogeneidade total sem pesos:6.70561

Silhueta detalhada sem pesos:
-565.818 -334.309 17.8295 -562.092 -295.284 -41.8706 -319.597 
-590.869 -337.611 16.1577 -570.602 -320.171 -34.1503 -208.299 

Silhueta detalhada com pesos:
-568.525 -334.668 17.165 -560.969 -292.011 -34.9412 -323.454 
-589.656 -337.298 17.1911 -571.339 -321.6 -41.3673 -175.87 

OERC
0.489177
0.445887
0.490476
0.500433
0.532468
0.630303
0.538095
0.517749
0.501732
0.54026
0.408225
0.534632
0.454978
0.487879
0.545887

ARI
0.304445
0.332999
0.294703
0.30201
0.243255
0.170157
0.207835
0.27981
0.294326
0.258907
0.390235
0.254777
0.331787
0.30608
0.284377

F-Measure
0.531816
0.566273
0.530475
0.518316
0.488863
0.41666
0.493034
0.483374
0.518902
0.502497
0.607175
0.485844
0.571931
0.533482
0.507803

Jaccard
0.270478
0.274212
0.260047
0.256361
0.219568
0.180669
0.207299
0.241712
0.254952
0.241384
0.319663
0.232222
0.283387
0.272049
0.253151

NMI
0.434221
0.419155
0.431086
0.390115
0.364305
0.285417
0.374202
0.403917
0.407794
0.386894
0.505619
0.383305
0.474456
0.464157
0.417669

Purity
0.671861
0.591342
0.618182
0.564069
0.507359
0.488312
0.547619
0.519913
0.585281
0.609957
0.657576
0.554978
0.648918
0.657576
0.592208

Accuracy
0.789028
0.833539
0.79722
0.819262
0.801042
0.76755
0.765781
0.813441
0.809097
0.77354
0.839522
0.791041
0.811997
0.788099
0.794539

Silhouette
0.227616
0.203701
0.275218
0.186435
0.186098
0.11795
0.109199
0.175408
0.248422
0.25256
0.24841
0.221484
0.240193
0.135047
0.198022


Convergencia gbest: 
-10000
6.94271
6.94271
6.94271
6.94271
6.94271
6.94271
6.94271
6.94271
6.94271
6.94271
6.94271
6.94271
6.94271
6.94271
6.94271
6.94271
6.94271
6.94271
6.94271
6.94271
6.94271
6.94271
6.94271
6.94271
6.94271
6.94271
6.94271
6.94271
6.94271
6.94271
6.94271
6.94271
6.94271
6.94271
6.94271
6.94271
6.94271
6.94271
6.94271
6.94271
6.94271
6.94271
6.94271
6.94271
6.94271
6.94271
6.94271
6.94271
6.94271

OERC: 0.630303	0.507879	0.0517754
ARI: 0.170157	0.283713	0.0530116
F-Measure: 0.41666	0.517096	0.0447894
Jaccard: 0.180669	0.251144	0.033414
NMI: 0.285417	0.409488	0.0520816
Purity: 0.488312	0.587677	0.0574601
Accuracy: 0.76755	0.799647	0.0219876
Silhouette: 0.11795	0.201717	0.0507793
Best obj: 7.7661	6.94271	0.350963
Tempo seg: 503.242	192.558
Tempo min: 8.38736	3.20929

Best Relevance weights: 
1.58465 0.631053 
0.335438 2.98118 
1.05554 0.947385 
1.02994 0.970926 
0.773307 1.29315 
1.28404 0.778792 
1.34311 0.744543 

Best representatives: 
111 886 94 523 839 
2269 2276 905 553 2274 
773 1855 2062 1651 102 
2243 981 1553 108 1884 
1168 17 1948 1311 98 
1449 1641 1162 1310 655 
1617 690 1601 1184 666 

Best partition: 
2 2 6 5 5 5 5 5 5 6 5 5 2 6 5 6 2 4 2 2 5 6 5 5 6 2 5 2 6 5 0 0 5 0 0 0 0 5 5 0 5 5 0 0 0 0 0 0 0 0 5 0 0 6 0 5 5 6 5 0 6 5 5 5 5 5 1 2 6 5 5 6 5 5 6 5 6 5 5 6 2 2 6 1 2 5 5 2 2 5 0 0 0 6 0 5 0 0 4 0 0 0 2 5 3 5 5 0 3 2 0 0 0 0 6 0 0 5 0 0 2 2 2 5 2 0 2 0 6 6 0 6 2 0 0 2 5 0 2 0 5 2 0 2 2 2 0 0 2 6 6 4 3 3 3 3 3 3 6 6 6 6 3 3 3 6 3 3 1 3 1 3 3 3 3 3 3 1 6 6 3 6 6 2 2 5 3 2 3 2 2 3 3 6 2 3 3 3 5 2 2 2 5 3 3 2 3 3 3 3 2 2 3 2 2 3 2 2 2 2 2 2 3 2 3 2 3 5 3 3 2 3 2 3 3 5 3 3 3 2 5 2 3 3 5 5 2 3 3 3 5 3 3 2 3 2 5 2 3 6 3 3 3 3 6 6 3 3 3 3 3 3 3 6 3 3 3 3 5 3 6 3 6 3 3 3 3 3 6 3 3 3 3 3 3 3 3 3 3 6 3 6 3 3 3 3 3 3 3 3 3 3 5 3 3 3 3 3 6 3 3 3 3 3 3 3 6 3 3 5 3 3 3 3 6 3 5 3 3 3 6 6 5 3 5 3 3 0 0 2 2 2 0 0 0 2 0 0 2 0 2 0 0 0 0 2 0 0 2 2 2 0 2 0 2 2 2 2 0 0 2 0 0 2 0 2 2 0 0 2 2 2 0 6 2 2 0 0 2 0 2 2 0 2 2 2 2 0 2 2 2 2 2 2 2 0 2 0 0 0 2 2 2 2 2 2 2 0 2 2 2 0 0 2 2 2 2 2 2 2 0 2 2 5 0 0 6 0 5 5 0 2 0 5 0 5 0 5 6 5 5 5 5 0 0 6 5 5 6 0 5 0 0 5 0 0 0 6 5 6 0 5 0 6 6 5 5 6 0 0 0 0 0 5 5 5 6 5 5 0 0 0 0 5 5 6 0 6 5 0 5 5 6 5 6 6 5 6 0 0 0 0 5 0 0 6 0 5 5 6 0 6 5 6 0 0 6 0 5 6 5 5 2 5 5 5 6 5 5 6 0 5 5 1 0 0 0 0 5 5 2 0 0 5 5 0 6 5 6 5 5 5 5 6 6 5 0 5 0 5 5 0 5 0 6 6 6 0 5 0 5 0 0 0 0 0 0 5 5 6 0 5 2 5 5 5 5 5 5 6 6 6 5 5 5 6 5 6 5 5 5 5 5 6 6 6 6 6 5 6 6 5 6 5 6 6 6 6 6 6 5 6 5 5 5 5 5 6 6 6 5 6 5 5 6 5 6 5 6 5 5 6 5 5 5 5 6 5 6 6 5 6 6 6 6 5 5 5 6 6 6 5 5 6 6 5 6 6 6 5 6 5 6 5 6 6 6 6 5 6 5 5 6 5 6 0 6 5 0 0 5 0 5 5 5 6 0 0 0 5 0 5 0 6 5 5 5 0 0 0 0 0 5 6 0 5 5 0 0 0 0 0 0 0 5 0 5 0 0 5 6 5 0 0 5 0 5 0 0 0 0 5 0 0 5 2 2 2 5 5 3 2 2 2 5 2 5 2 3 3 2 2 6 3 6 3 2 5 3 3 3 2 2 3 5 3 2 3 2 3 2 3 3 5 3 3 3 5 3 3 2 3 3 2 2 2 5 2 3 3 5 0 0 2 0 0 2 2 0 0 0 0 0 2 2 0 0 2 2 0 0 2 0 2 0 2 6 6 0 2 2 0 0 6 0 2 0 2 0 0 2 2 2 2 0 2 0 0 2 0 2 0 2 2 2 2 0 0 2 2 0 0 0 0 0 0 0 0 0 0 0 0 2 0 0 0 0 0 0 0 6 0 0 2 2 1 0 6 0 0 0 0 0 5 0 0 5 0 0 0 6 0 0 5 5 0 0 5 5 0 5 0 0 0 5 5 0 5 0 5 0 5 0 0 0 0 0 0 0 5 5 0 5 0 0 5 5 0 0 0 0 0 0 5 0 5 6 5 0 0 0 0 5 3 5 6 6 3 3 2 3 3 2 3 3 3 3 3 2 2 2 5 6 5 3 5 3 3 5 3 3 3 3 3 3 5 3 3 3 2 3 3 3 3 2 3 5 3 3 3 3 3 3 3 3 3 6 1 1 3 6 3 1 6 3 1 6 3 3 3 1 1 6 6 1 3 3 3 3 1 3 1 3 3 3 6 1 3 6 6 6 3 3 3 3 3 3 3 3 6 1 6 3 1 3 3 6 1 1 1 3 3 3 3 3 3 6 3 6 6 1 6 3 6 6 3 6 6 6 6 6 1 6 5 1 6 6 6 3 3 3 6 6 6 3 3 3 1 6 1 1 3 6 1 3 6 3 1 3 3 6 3 3 6 3 6 6 6 1 3 1 3 6 1 6 1 3 6 3 6 1 6 6 3 1 3 3 1 6 3 3 1 5 6 5 2 5 5 4 5 6 5 0 5 5 0 5 5 5 5 6 5 6 5 6 5 5 6 2 5 6 6 6 6 6 5 6 6 6 6 6 2 5 6 5 6 2 5 2 6 6 6 5 5 5 0 5 2 5 0 6 0 5 2 6 0 6 0 5 6 6 1 0 0 0 0 6 5 0 5 1 1 0 0 0 5 5 0 1 0 6 0 1 0 0 5 0 0 5 5 0 1 5 0 5 0 0 5 0 0 0 5 5 0 0 0 6 0 6 0 1 2 5 5 5 6 6 5 5 5 5 5 5 5 5 5 0 5 5 6 5 6 5 5 5 6 6 2 5 2 5 4 6 6 5 5 6 0 5 5 5 6 6 5 5 5 5 5 6 6 6 6 5 5 5 6 5 5 5 5 6 5 5 5 2 5 5 6 5 2 5 5 5 5 6 5 5 5 0 6 5 5 6 6 2 5 5 5 6 4 5 5 5 5 6 5 6 6 5 5 5 6 6 5 5 5 6 6 5 5 5 5 5 5 6 2 5 5 5 5 5 5 5 6 6 5 5 6 5 5 6 5 5 0 0 6 5 5 5 5 5 5 5 5 0 5 5 5 5 5 5 5 6 5 5 5 2 6 6 5 6 5 5 5 6 5 5 6 0 5 5 2 2 2 2 2 0 1 2 0 0 0 2 2 2 2 0 0 2 0 0 0 2 2 2 0 0 1 2 2 2 2 2 2 1 2 0 2 0 2 0 0 2 2 1 1 0 0 0 2 4 0 0 0 0 5 0 0 0 0 0 5 0 0 0 5 0 0 0 0 0 0 0 0 0 0 0 0 0 0 0 0 0 0 5 5 0 0 0 0 0 0 0 0 0 3 3 3 3 2 3 3 3 3 5 3 2 3 2 3 2 5 3 3 6 2 3 3 3 2 2 3 3 3 2 2 3 2 3 3 3 5 2 3 5 5 3 3 3 6 2 2 5 2 6 6 2 2 6 5 5 6 2 5 6 5 2 6 6 5 6 5 6 6 6 6 5 6 6 2 6 6 5 3 5 6 5 5 0 6 6 6 6 6 5 5 5 2 3 6 5 5 5 3 2 6 6 3 3 5 1 2 6 5 5 5 6 6 5 6 5 5 4 6 5 1 6 6 5 5 6 5 5 6 5 1 5 5 6 6 5 5 2 5 5 6 2 1 6 6 5 5 1 6 6 6 6 6 6 6 6 5 6 5 2 6 6 1 5 6 2 5 6 6 5 6 5 6 2 6 5 6 1 5 5 6 6 1 6 5 5 5 5 5 5 2 5 5 2 5 2 2 6 5 1 5 5 5 6 6 6 6 5 5 6 5 5 5 6 5 5 5 5 5 5 6 1 5 2 6 5 6 5 5 5 5 6 5 6 5 6 6 6 5 5 5 6 6 2 6 6 5 6 6 5 5 0 5 5 0 0 0 5 0 0 5 0 0 0 5 5 0 0 0 0 0 0 6 0 0 0 5 0 0 5 0 0 0 0 6 0 0 5 5 5 5 5 5 0 5 5 0 0 0 5 5 0 6 0 0 0 5 0 0 6 2 2 2 5 3 3 2 2 2 3 2 2 2 3 3 2 3 3 2 3 2 3 3 3 2 5 5 3 3 3 5 3 3 5 3 3 2 5 2 2 3 3 2 3 3 2 6 6 3 2 3 2 3 3 3 1 1 3 3 3 2 3 3 1 3 3 2 3 5 3 3 3 3 1 3 3 3 1 3 3 1 1 2 3 3 0 0 2 2 0 0 0 2 4 0 2 0 2 2 0 0 0 0 0 2 0 2 0 2 0 0 0 0 2 0 0 0 0 0 0 0 0 0 0 0 0 1 0 0 5 2 5 6 2 2 2 6 6 6 6 2 2 5 2 5 5 5 6 5 5 6 5 5 2 5 2 2 6 6 5 2 5 6 2 6 2 2 5 5 2 2 6 2 2 5 2 2 2 5 6 2 2 5 2 5 5 6 2 5 6 2 2 5 6 6 2 2 2 2 2 2 2 5 6 6 5 2 2 6 6 2 6 6 6 2 2 5 2 2 6 2 6 2 2 6 2 2 5 2 5 5 6 6 6 5 5 5 2 2 6 2 2 6 5 2 2 2 2 2 5 6 2 6 2 2 6 2 5 6 5 0 0 5 0 5 5 0 0 0 0 0 5 0 5 0 0 0 0 0 0 0 0 5 0 5 0 5 5 0 0 5 5 0 5 0 0 0 0 0 0 0 0 5 0 0 5 5 0 5 5 0 6 6 5 0 5 0 0 5 5 5 0 5 0 5 5 0 5 0 5 5 0 0 5 5 0 0 0 0 3 2 3 3 2 3 2 3 2 3 3 2 2 3 3 2 6 2 2 3 3 2 6 2 2 3 3 5 2 3 2 2 2 2 3 2 2 2 3 2 3 3 6 2 3 2 6 5 5 3 4 5 5 3 5 5 3 3 3 1 3 5 1 4 3 5 1 5 3 5 5 3 3 3 6 1 3 1 3 5 1 1 1 3 6 1 5 3 2 2 2 2 2 2 2 4 2 2 2 6 5 6 2 2 6 5 2 6 2 2 2 5 5 2 2 2 

Confusion matrix: 
7 0 76 0 3 159 85 
210 0 0 0 0 105 15 
20 17 44 0 2 133 114 
144 10 17 7 1 94 57 
104 0 136 0 3 40 47 
0 50 3 182 3 21 71 
0 0 112 164 0 39 15 
